0,0,0,0
0.00244289901319258,-2.147242746819,5e-05,2.82111464870106
0.00684446733520861,-3.90646613555072,0.0001,5.6415332295758
0.0128479585582331,-4.58593420023586,0.00015,8.46055984654222
0.0199629216086679,-3.85666249751501,0.0002,11.2774989469646
0.0276992954419427,-1.74895545823835,0.00025,14.0916554932706
0.0356668582451665,1.4411960633702,0.0003,16.9023351344416
0.0436203139091837,5.29634413401854,0.00035,19.7088443773333
0.0514701101943944,9.38112022305338,0.0004,22.5104907577847
0.0592432073344529,13.363953955278,0.00045,25.3065830114732
0.0670338658064797,17.0530105265971,0.0005,28.0964312444742
0.0749515654938665,20.3997914461127,0.00055,30.8793471034816
0.083073822635389,23.4808428846993,0.0006,33.6546439456488
0.0914309949410307,26.4215445357702,0.00065,36.4216370080076
0.0999941714001869,29.3729008572326,0.0007,39.1796435764233
0.108693668044451,32.4434865378395,0.00075,41.9279831540442
0.11744091462867,35.6828169408276,0.0008,44.6659776292037
0.126145140425106,39.0926024517308,0.00085,47.3929514427345
0.134733350129249,42.6251060047701,0.0009,50.1082317546528
0.143157205001994,46.2125648229585,0.00095,52.8111486101713
0.151395635184686,49.7824809239596,0.001,55.5010351050003
0.159450269097405,53.2753017496974,0.00105,58.177227549897
0.167336710861735,56.6552670273545,0.0011,60.8390656344203
0.175076592573808,59.9093139449071,0.00115,63.4858925898527
0.182686839213519,63.0511217597417,0.0012,66.1170553512485
0.190176709305245,66.1043625384661,0.00125,68.731904718567
0.197543570760921,69.1015969257722,0.0013,71.3297955168538
0.204778811043725,72.0629110969179,0.00135,73.9100867554275
0.21187278315372,74.9947663338022,0.0014,76.4721417860346
0.218816738323952,77.8967721259643,0.00145,79.0153284599333
0.225605362261439,80.7621232018157,0.0015,81.5390192838662
0.232240632698892,83.5753925337736,0.00155,84.0425915748853
0.238726944840111,86.3304250529961,0.0016,86.5254276139897
0.245072571953748,89.0201351145036,0.00165,88.986914798538
0.251289282053939,91.6384526642882,0.0017,91.4264457933996
0.25738624154276,94.1922324139561,0.00175,93.8434186808049
0.263371552671,96.6870922923447,0.0018,96.23723710886
0.269252996460067,99.1265250275907,0.00185,98.6073104386872
0.275033972050102,101.521639380895,0.0019,100.953053890156
0.280716585700627,103.877921399453,0.00195,103.273888686171
0.286303567832712,106.195556809414,0.002,105.569242195473
0.291795410936174,108.479541845697,0.00205,107.83854807393
0.2971931324892,110.729787431059,0.0021,110.081246404272
0.3024983467982,112.945106289536,0.00215,112.296783834245
0.307714903949282,115.120821969622,0.0022,114.48461371314
0.31284471859735,117.260367454407,0.00225,116.644196226671
0.317890003688537,119.363867690524,0.0023,118.774998530168
0.322852769732947,121.431826181065,0.00235,120.876494880046
0.327736305382606,123.461744725151,0.0024,122.948166763526
0.332541003801704,125.459194387273,0.00245,124.98950302657
0.337266994615609,127.425489987218,0.0025,127
0.341914023912962,129.36130637986,0.00255,128.979161623772
0.346483218005578,131.263547688284,0.0026,130.92649956937
0.350973345741944,133.136201244295,0.00265,132.841533360295
0.355383405883772,134.979011297107,0.0027,134.723790490613
0.359712488084451,136.791224525166,0.00275,136.572806541544
0.363959847890105,138.571869604147,0.0028,138.388125296042
0.368126651467719,140.316426491885,0.00285,140.169298851371
0.37221145777231,142.02917770653,0.0029,141.915887729605
0.376213082514796,143.709898373679,0.00295,143.627460986076
0.380130321925882,145.358098119822,0.003,145.303596315692
0.383963418424744,146.970269314412,0.00305,146.943880157141
0.387710621543962,148.549549374858,0.0031,148.547907794931
0.391370401941556,150.09557111681,0.00315,150.115283459241
0.394941302441096,151.607637516322,0.0032,151.645620423582
0.398422012599747,153.08486739608,0.00325,153.138541100205
0.401811387575772,154.526347391403,0.0033,154.593677133273
0.405109991960001,155.928060787032,0.00335,156.010669489743
0.408316077947623,157.293841022778,0.0034,157.389168547954
0.411428176448099,158.62343008235,0.00345,158.728834183891
0.414444883597483,159.916261368038,0.0035,160.029335855103
0.41736494226286,161.171569647056,0.00355,161.290352682263
0.420187274416147,162.388524066009,0.0036,162.511573528339
0.422912370119914,163.563498032834,0.00365,163.692697075359
0.425538697770651,164.699872072737,0.0037,164.833431898762
0.428065019865407,165.797373782627,0.00375,165.9334965393
0.430490195009099,166.855475473004,0.0038,166.992619572483
0.432813240286274,167.873500941894,0.00385,168.01053967555
0.435033349069212,168.850745491806,0.0039,168.987005691949
0.437149871188969,169.78657674889,0.00395,169.921776693299
0.439162269752881,170.680496626503,0.004,170.814622038845
0.441070070937195,171.532159134285,0.00405,171.665321432357
0.442874316577927,172.338308373501,0.0041,172.473664976489
0.44457362874158,173.103360445981,0.00415,173.239453224566
0.446166938418914,173.827301219969,0.0042,173.962497229798
0.447653290715954,174.509702979793,0.00425,174.642618591895
0.449031945085728,175.149883493453,0.0043,175.279649501089
0.450302407082882,175.747090827035,0.00435,175.873432779533
0.451464400912667,176.300662404586,0.0044,176.42382192009
0.452517804119313,176.810126008525,0.00445,176.930681122474
0.453462569611045,177.275232650177,0.0045,177.393885326762
0.454298656977101,177.695930341521,0.00455,177.813320244248
0.455025987285693,178.072299908266,0.0046,178.188882385641
0.455644426285992,178.404477910887,0.00465,178.520479086602
0.456153792802028,178.692588583806,0.0047,178.808028530609
0.456553883796807,178.93669900983,0.00475,179.051459769137
0.456844505682322,179.136802527907,0.0048,179.250712739172
0.457025502562624,179.292827253362,0.00485,179.405738278025
0.457096775194665,179.404661269595,0.0049,179.516498135463
0.457058288282657,179.47218412031,0.00495,179.582964983149
0.456910067169689,179.49529530916,0.005,179.605122421383
0.456652187312528,179.473933581763,0.00505,179.582964983149
0.456284760839696,179.408084576368,0.0051,179.516498135463
0.455807924130436,179.297777870141,0.00515,179.405738278025
0.455221829122133,179.143076773789,0.0052,179.250712739172
0.454526639473286,178.944065152526,0.00525,179.051459769137
0.453722531251053,178.700835202836,0.0053,178.808028530609
0.452809696800526,178.413478897192,0.00535,178.520479086602
0.451788350021482,178.082084237385,0.0054,178.188882385641
0.450658731386212,177.706736002869,0.00545,177.813320244248
0.449421111517593,177.287519667834,0.0055,177.393885326762
0.448075792796582,176.824526725143,0.00555,176.930681122474
0.446623109083391,176.317859757526,0.0056,176.42382192009
0.445063424075949,175.767636076437,0.00565,175.873432779533
0.443397129030157,175.173989395047,0.0057,175.279649501089
0.441624640540167,174.537069614986,0.00575,174.642618591895
0.439746398886777,173.857041245742,0.0058,173.962497229798
0.437761518800769,173.136823538383,0.00585,173.239453224566
0.435671704856512,172.37171177317,0.0059,172.473664976489
0.433478074059696,171.562386633871,0.00595,171.665321432357
0.431181486183922,170.709816385238,0.006,170.814622038845
0.428782534893469,169.814999735321,0.00605,169.921776693299
0.426281612207895,168.878768613596,0.0061,168.987005691949
0.423679012114089,167.901683739216,0.00615,168.01053967555
0.420975038214027,166.88402500783,0.0062,166.992619572483
0.41817008815064,165.825855150837,0.00625,165.9334965393
0.41526351202363,164.729538947282,0.0063,164.833431898762
0.412257164983139,163.590512576097,0.00635,163.692697075359
0.409152405208967,162.409364235957,0.0064,162.511573528339
0.405950381185813,161.187025746778,0.00645,161.290352682263
0.40265199553977,159.924532528277,0.0065,160.029335855103
0.399257943927792,158.622821372963,0.00655,158.72883418389
0.395767490233277,157.285270493074,0.0066,157.389168547954
0.392182497148221,155.907322711434,0.00665,156.010669489743
0.388504187100371,154.489874274714,0.0067,154.593677133273
0.384733571503817,153.033915332489,0.00675,153.138541100205
0.380871483756564,151.540353093761,0.0068,151.645620423582
0.376918653137524,150.009902194662,0.00685,150.115283459241
0.372874694183242,148.44528302198,0.0069,148.54790779493
0.36874101163874,146.843534575994,0.00695,146.943880157141
0.364519858283141,145.202792259576,0.007,145.303596315692
0.360212306625347,143.525664373942,0.00705,143.627460986076
0.355819338255135,141.813228109463,0.0071,141.915887729605
0.351340776652185,140.06841691777,0.00715,140.169298851371
0.346778537169498,138.287742812087,0.0072,138.388125296042
0.342133956865456,136.472228731082,0.00725,136.572806541544
0.337408187419965,134.622890865094,0.0073,134.723790490613
0.332601070736574,132.743001566558,0.00735,132.841533360295
0.327714816357757,130.828595899665,0.0074,130.92649956937
0.322750955748381,128.88086630932,0.00745,128.979161623772
0.317710771041578,126.901034503914,0.0075,127
0.31259413421507,124.892647724812,0.00755,124.98950302657
0.307403315337351,122.851746883181,0.0076,122.948166763526
0.302139870341353,120.779617662748,0.00765,120.876494880046
0.296805101951297,118.677521200252,0.0077,118.774998530168
0.291398965196873,116.548898470302,0.00775,116.644196226671
0.285923728246461,114.389965448878,0.0078,114.48461371314
0.280380991125621,112.201958355952,0.00785,112.296783834245
0.274772129523964,109.986087214656,0.0079,110.081246404272
0.269097311350157,107.745520283553,0.00795,107.83854807393
0.26335879251415,105.476921152496,0.008,105.569242195473
0.257558219216433,103.181501560273,0.00805,103.273888686171
0.25169577592916,100.862999152925,0.0081,100.953053890156
0.245774024312479,98.5176110321256,0.00815,98.6073104386871
0.239794759308884,96.1468309270336,0.0082,96.2372371088599
0.233758068354697,93.7549786166622,0.00825,93.8434186808049
0.227666600643654,91.3379772208303,0.0083,91.4264457933996
0.221522149579302,88.897464771711,0.00835,88.986914798538
0.215326182609199,86.4349823965842,0.0084,86.5254276139896
0.209078778912424,83.9541589008094,0.00845,84.0425915748853
0.202782244367408,81.4514666891335,0.0085,81.5390192838661
0.196438293217339,78.928067251689,0.00855,79.0153284599332
0.19004723010877,76.3876099606928,0.0086,76.4721417860346
0.183611690264775,73.8264053218119,0.00865,73.9100867554275
0.177076371463961,71.3622711028364,0.0087,71.3297955168538
0.170377771145524,69.026720704018,0.00875,68.731904718567
0.163623359588301,66.4692263687929,0.0088,66.1170553512484
0.156870526857389,63.7411089453523,0.00885,63.4858925898527
0.150149829230383,60.916501059097,0.0089,60.8390656344202
0.143465309965911,58.068427596412,0.00895,58.177227549897
0.136801303546284,55.251339920447,0.009,55.5010351050002
0.130129734837435,52.4980974334038,0.00905,52.8111486101712
0.123425433056143,49.8044756085958,0.0091,50.1082317546528
0.116666943893914,47.158156189198,0.00915,47.3929514427345
0.109843022610125,44.5329658591434,0.0092,44.6659776292037
0.102956170261834,41.894702069989,0.00925,41.9279831540441
0.0960148842701075,39.2256444848205,0.0093,39.1796435764233
0.0890322372991257,36.5151193996672,0.00935,36.4216370080076
0.0820238086092536,33.7586520497698,0.0094,33.6546439456488
0.075000684692591,30.9674504737673,0.00945,30.8793471034816
0.0679701099629349,28.153596308575,0.0095,28.0964312444743
0.0609361133648287,25.3273399967789,0.00955,25.3065830114732
0.0538984409445468,22.5001691180962,0.0096,22.5104907577846
0.0468540551062404,19.6800724995544,0.00965,19.7088443773333
0.0398007837806673,16.8665245308704,0.0097,16.9023351344416
0.0327341152263247,14.0640437025508,0.00975,14.0916554932706
0.0256549698212871,11.2620256044581,0.0098,11.2774989469646
0.0185662730751627,8.45478546250896,0.00985,8.46055984654211
0.011469632242936,5.64469355956984,0.0099,5.64153322957579
0.00437061144378198,2.82475540518875,0.00995,2.82111464870107
-0.00272770656863158,-0.00015819534705443,0.01,2.19952838283815e-14
-0.00982320251198443,-2.82636248030164,0.01005,-2.82111464870102
-0.0169119396687118,-5.65623313171446,0.0101,-5.64153322957591
-0.0239921087131597,-8.48503788868532,0.01015,-8.46055984654231
-0.0310638362635056,-11.3073915793648,0.0102,-11.2774989469646
-0.0381250916402807,-14.1264089579813,0.01025,-14.0916554932707
-0.0451743374648775,-16.9411271812964,0.0103,-16.9023351344417
-0.05221158673744,-19.7477081642398,0.01035,-19.7088443773333
-0.0592341336301189,-22.5506699913867,0.0104,-22.5104907577847
-0.0662404709794214,-25.3477633299203,0.01045,-25.3065830114733
-0.0732302315730739,-28.1357235117189,0.0105,-28.0964312444743
-0.080200088501031,-30.9196013190085,0.01055,-30.8793471034816
-0.0871499463278178,-33.6930161029024,0.0106,-33.6546439456488
-0.094076914797567,-36.4601169027674,0.01065,-36.4216370080076
-0.100977733620598,-39.2217420020267,0.0107,-39.1796435764234
-0.107852274092296,-41.9709124697845,0.01075,-41.9279831540443
-0.114698139113586,-44.7106027356273,0.0108,-44.6659776292037
-0.121513261610428,-47.4400923956985,0.01085,-47.3929514427346
-0.128296855246107,-50.1560597153143,0.0109,-50.1082317546528
-0.135048018224487,-52.8577168336327,0.01095,-52.8111486101712
-0.141763552066218,-55.5491845539047,0.011,-55.5010351050003
-0.148443841226703,-58.2232253154181,0.01105,-58.177227549897
-0.155086372004785,-60.8841256413402,0.0111,-60.8390656344203
-0.161688412933329,-63.5325167633404,0.01115,-63.4858925898527
-0.168250943201464,-66.1602973763788,0.0112,-66.1170553512485
-0.174770527703911,-68.7747673179216,0.01125,-68.7319047185671
-0.181305241407492,-71.2514656937472,0.0113,-71.3297955168539
-0.187819146763549,-73.7659330475203,0.01135,-73.9100867554275
-0.1942699917012,-76.3590494423721,0.0114,-76.4721417860346
-0.200630496002675,-79.0012668700429,0.01145,-79.0153284599333
-0.206889460505986,-81.6497655766656,0.0115,-81.5390192838662
-0.213047258672357,-84.2711273716265,0.01155,-84.0425915748854
-0.219114454323825,-86.8385184995725,0.0116,-86.5254276139897
-0.225106283786092,-89.3391696150274,0.01165,-88.986914798538
-0.231039427899984,-91.7701998613164,0.0117,-91.4264457933996
-0.236923816857046,-94.1473376960308,0.01175,-93.8434186808049
-0.242763831595492,-96.4862387327099,0.0118,-96.23723710886
-0.248559839621552,-98.7984060851162,0.01185,-98.6073104386873
-0.254305566492429,-101.099178357582,0.0119,-100.953053890157
-0.259992970079738,-103.393690925826,0.01195,-103.273888686171
-0.265614134639443,-105.68101721173,0.012,-105.569242195473
-0.271164802088038,-107.951974452783,0.01205,-107.83854807393
-0.276640431459226,-110.204435580111,0.0121,-110.081246404272
-0.282039274891738,-112.431410287065,0.01215,-112.296783834245
-0.287363189456454,-114.623779852109,0.0122,-114.48461371314
-0.292612716532914,-116.782586623722,0.01225,-116.644196226671
-0.297788837478369,-118.907061820817,0.0123,-118.774998530168
-0.302892082339325,-120.997939160389,0.01235,-120.876494880046
-0.307923969981435,-123.053224226885,0.0124,-122.948166763526
-0.312882646586678,-125.079393186504,0.01245,-124.98950302657
-0.317765835942745,-127.078036138266,0.0125,-127
-0.322571495730155,-129.048393502671,0.01255,-128.979161623772
-0.32729773062858,-130.989477759076,0.0126,-130.92649956937
-0.33194191045754,-132.902092002354,0.01265,-132.841533360295
-0.3365019730507,-134.784643569359,0.0127,-134.723790490613
-0.34097637886483,-136.635273011024,0.01275,-136.572806541544
-0.345365686410876,-138.44896301255,0.0128,-138.388125296043
-0.349668440978176,-140.228774098353,0.01285,-140.169298851371
-0.35388352065366,-141.974256572769,0.0129,-141.915887729605
-0.358009815464486,-143.684981292113,0.01295,-143.627460986076
-0.362046227683653,-145.360529766995,0.013,-145.303596315692
-0.365993401384948,-146.996975369795,0.01305,-146.943880157141
-0.369849451913591,-148.598664049025,0.0131,-148.547907794931
-0.373612744675854,-150.165509697878,0.01315,-150.115283459241
-0.377281724942545,-151.696952852548,0.0132,-151.645620423582
-0.380855039548244,-153.192119296621,0.01325,-153.138541100205
-0.384333211160367,-154.646711644237,0.0133,-154.593677133273
-0.387714595897375,-156.06428308561,0.01335,-156.010669489743
-0.390997928394844,-157.444405921131,0.0134,-157.389168547954
-0.394182079567252,-158.786432373242,0.01345,-158.728834183891
-0.397266095061437,-160.089624009471,0.0135,-160.029335855103
-0.40024918866578,-161.353273216206,0.01355,-161.290352682263
-0.40313227599821,-162.573591395797,0.0136,-162.511573528339
-0.405913999480393,-163.754537863041,0.01365,-163.692697075359
-0.408593245064418,-164.896108375711,0.0137,-164.833431898762
-0.411168942606901,-165.997972530734,0.01375,-165.9334965393
-0.413640155473489,-167.059570021948,0.0138,-166.992619572483
-0.416006122060355,-168.080241006178,0.01385,-168.01053967555
-0.418266251285859,-169.059350328357,0.0139,-168.987005691949
-0.420420084741549,-169.996377041166,0.01395,-169.921776693299
-0.422468838767282,-170.887710956512,0.014,-170.814622038845
-0.424411293624109,-171.737758625948,0.01405,-171.665321432357
-0.426246494488213,-172.546614709157,0.0141,-172.473664976489
-0.427973544298172,-173.313998707259,0.01415,-173.239453224566
-0.429591703231583,-174.03937350534,0.0142,-173.962497229798
-0.431100431641807,-174.722098676523,0.01425,-174.642618591895
-0.432499380343035,-175.361572593149,0.0143,-175.279649501089
-0.433788343904174,-175.957331748609,0.01435,-175.873432779533
-0.434967197608858,-176.509094063857,0.0144,-176.42382192009
-0.436035837466991,-177.016749870462,0.01445,-176.930681122474
-0.436994137018783,-177.480315999468,0.0145,-177.393885326762
-0.437841927130175,-177.899873432041,0.01455,-177.813320244248
-0.438578997845897,-178.275507766993,0.0146,-178.188882385641
-0.439205116266747,-178.607266201255,0.01465,-178.520479086602
-0.439720052070549,-178.895137251822,0.0147,-178.808028530609
-0.440123602572588,-179.139052364531,0.01475,-179.051459769137
-0.440417180253109,-179.335712725044,0.0148,-179.250712739172
-0.440599654394384,-179.489898744685,0.01485,-179.405738278025
-0.440670352879756,-179.60146623003,0.0149,-179.516498135463
-0.440628814053229,-179.669893393968,0.01495,-179.582964983149
-0.440474850360838,-179.694500294617,0.015,-179.605122421383
-0.440208536193337,-179.674653474701,0.01505,-179.582964983149
-0.439830142088948,-179.609910018991,0.0151,-179.516498135463
-0.439338508403127,-179.503206281026,0.01515,-179.405738278025
-0.43873512412715,-179.349626037869,0.0152,-179.250712739172
-0.438020978694421,-179.149541559514,0.01525,-179.051459769137
-0.437196796774618,-178.903799624907,0.0153,-178.808028530609
-0.436262980026709,-178.613410594991,0.01535,-178.520479086602
-0.435219648650785,-178.279279318353,0.0154,-178.188882385641
-0.434066747377353,-177.902032418735,0.01545,-177.813320244248
-0.432804173895346,-177.481959341715,0.0155,-177.393885326762
-0.431431892934407,-177.019052586744,0.01555,-176.930681122474
-0.429950012014855,-176.513112231474,0.0156,-176.42382192009
-0.428358810237713,-175.963873138628,0.01565,-175.873432779533
-0.426658725039478,-175.371118296276,0.0157,-175.279649501088
-0.424850310759192,-174.734754367842,0.01575,-174.642618591895
-0.422934186172936,-174.054840743141,0.0158,-173.962497229798
-0.420910986467092,-173.331576845125,0.01585,-173.239453224566
-0.418781330120195,-172.565261344368,0.0159,-172.473664976489
-0.416544381622521,-171.759134917221,0.01595,-171.665321432357
-0.414201889420937,-170.908580266176,0.016,-170.814622038845
-0.411755031399316,-170.014272000173,0.01605,-169.921776693299
-0.409204743102275,-169.077161132968,0.0161,-168.987005691949
-0.406551708722033,-168.098229620885,0.01615,-168.01053967555
-0.403796421949479,-167.078302293648,0.0162,-166.992619572483
-0.400939284173267,-166.017947130144,0.01625,-165.9334965393
-0.397980706713799,-164.917465591624,0.0163,-164.833431898762
-0.394919845248648,-163.779689977535,0.01635,-163.692697075359
-0.391758536512811,-162.599755905967,0.0164,-162.511573528339
-0.388498169570556,-161.378088036791,0.01645,-161.290352682263
-0.385139981656483,-160.115473015654,0.0165,-160.029335855103
-0.381685003481367,-158.81285173402,0.01655,-158.72883418389
-0.378134074816904,-157.471129500001,0.0166,-157.389168547954
-0.374486541867594,-156.093825262429,0.01665,-156.010669489743
-0.370744332840104,-154.676454176181,0.0167,-154.593677133273
-0.36690878249455,-153.219838912454,0.01675,-153.138541100205
-0.362981027698166,-151.724943044034,0.0168,-151.645620423582
-0.358962024319076,-150.19269064558,0.01685,-150.115283459241
-0.354851163542741,-148.626784954312,0.0169,-148.54790779493
-0.350650588861561,-147.022455617653,0.01695,-146.943880157141
-0.34636180153927,-145.380620019044,0.017,-145.303596315692
-0.341986079192435,-143.702355446561,0.01705,-143.627460986076
-0.337524493080673,-141.988697624844,0.0171,-141.915887729605
-0.332976649968081,-140.243201109871,0.01715,-140.169298851371
-0.328344703134684,-138.461533282634,0.0172,-138.388125296042
-0.323630189544646,-136.64465989703,0.01725,-136.572806541544
-0.318834438458914,-134.793655134903,0.0173,-134.723790490613
-0.313957159828509,-132.912450748311,0.01735,-132.841533360295
-0.309000750559357,-130.996530691961,0.0174,-130.92649956937
-0.303966880564159,-129.047098864658,0.01745,-128.979161623772
-0.298856942590923,-127.065447366145,0.0175,-127
-0.29367065868221,-125.0556734119,0.01755,-124.98950302657
-0.288410423745741,-123.013332234527,0.0176,-122.948166763526
-0.283077907108332,-120.939647430356,0.01765,-120.876494880046
-0.277674521864648,-118.835882009099,0.0177,-118.774998530168
-0.272200118729984,-116.705920787044,0.01775,-116.644196226671
-0.266657101450292,-114.545551919359,0.0178,-114.48461371314
-0.261047198667686,-112.355953611361,0.01785,-112.296783834245
-0.255371905306731,-110.138353811125,0.0179,-110.081246404272
-0.249631304657695,-107.896346885306,0.01795,-107.83854807393
-0.243827780722744,-105.626223118857,0.018,-105.569242195473
-0.237963093412778,-103.329160328463,0.01805,-103.273888686171
-0.232037973119305,-101.008017929674,0.0181,-100.953053890156
-0.226053894294167,-98.6622160248508,0.01815,-98.6073104386872
-0.220013090845677,-96.2905925939284,0.0182,-96.23723710886
-0.213917313764232,-93.8945190035702,0.01825,-93.8434186808048
-0.207766873624655,-91.4777306295043,0.0183,-91.4264457933996
-0.20156421024902,-89.0369415126259,0.01835,-88.9869147985379
-0.195311118271019,-86.5734742762191,0.0184,-86.5254276139897
-0.189007875858284,-84.0912224240142,0.01845,-84.0425915748852
-0.182657040645872,-81.5866264572494,0.0185,-81.5390192838661
-0.176260503417843,-79.0610240326609,0.01855,-79.0153284599332
-0.169815774301959,-76.524157067192,0.0186,-76.4721417860346
-0.163322298325051,-73.9738895693381,0.01865,-73.9100867554274
-0.156777924666803,-71.413277214933,0.0187,-71.3297955168538
-0.150180330485176,-68.8432796812636,0.01875,-68.731904718567
-0.143531874403897,-66.2545878170868,0.0188,-66.1170553512485
-0.136836066838259,-63.6438238178761,0.01885,-63.4858925898526
-0.130094434424401,-61.0153223059076,0.0189,-60.8390656344203
-0.123313498369014,-58.3604034625521,0.01895,-58.1772275498968
-0.116496877826717,-55.6846583909195,0.019,-55.5010351050003
-0.109648180695864,-52.9900936067347,0.01905,-52.8111486101711
-0.102771595077741,-50.2767755338273,0.0191,-50.1082317546527
-0.0958686565609811,-47.5510293544014,0.01915,-47.3929514427345
-0.0889396527376887,-44.8171124542268,0.0192,-44.6659776292036
-0.0819880727568579,-42.069633039791,0.01925,-41.9279831540442
-0.0750142952975751,-39.3146572249876,0.0193,-39.1796435764233
-0.068019225936947,-36.5526073470312,0.01935,-36.4216370080074
-0.0610055146903524,-33.7804176722485,0.0194,-33.6546439456488
-0.0539753666128437,-30.9990742400335,0.01945,-30.8793471034815
-0.0469303145496441,-28.2107457804001,0.0195,-28.0964312444743
-0.0398724365645506,-25.4152484938821,0.01955,-25.3065830114731
-0.03280280121909,-22.6151863601927,0.0196,-22.5104907577847
-0.0257247173478368,-19.8069431051419,0.01965,-19.7088443773333
-0.0186415448741685,-16.9904895428809,0.0197,-16.9023351344414
-0.0115535544880696,-14.172881886765,0.01975,-14.0916554932706
-0.00446321748419942,-11.351312151647,0.0198,-11.2774989469646
0.00262764216172584,-8.52718417439768,0.01985,-8.46055984654221
0.00971874740299861,-5.70445474791643,0.0199,-5.64153322957581
0.0168080273280887,-2.88054769473648,0.01995,-2.82111464870093
0.0238929071565325,-0.0545231003770328,0.02,-4.39905676567631e-14
0.0309736295492301,2.76740435667387,0.02005,2.82111464870116
0.0380476626796885,5.58943360431969,0.0201,5.64153322957573
0.0451127941812318,8.41106515949153,0.02015,8.46055984654229
0.0521684008778371,11.2283493705575,0.0202,11.2774989469648
0.059211166400775,14.0456214563111,0.02025,14.0916554932706
0.0662397286905627,16.8589627057097,0.0203,16.9023351344418
0.0732539761124736,19.664584003563,0.02035,19.7088443773333
0.0802507224713935,22.4677108735412,0.0204,22.5104907577848
0.0872305385235988,25.2609509163157,0.02045,25.3065830114732
0.0941911197498093,28.0485197113161,0.0205,28.0964312444743
0.101129128555468,30.8326984067718,0.02055,30.8793471034817
0.108044558128232,33.6063572156933,0.0206,33.6546439456488
0.114934858252321,36.3730020734628,0.02065,36.4216370080077
0.121797954473743,39.131678772991,0.0207,39.1796435764234
0.128632777668608,41.8795625103202,0.02075,41.9279831540442
0.135438377463971,44.6154272925316,0.0208,44.6659776292039
0.14221156143862,47.3431770255132,0.02085,47.3929514427345
0.148953489832978,50.0539558879839,0.0209,50.108231754653
0.155660431937382,52.755894975921,0.02095,52.8111486101712
0.162330595650123,55.4457866119565,0.021,55.5010351050004
0.168964001602095,58.1187738531746,0.02105,58.177227549897
0.175558164598198,60.7787475093162,0.0211,60.8390656344203
0.182110343854759,63.4263363619912,0.02115,63.4858925898528
0.188617943117157,66.0606843896208,0.0212,66.1170553512485
0.195074613026771,68.6886089631138,0.02125,68.7319047185671
0.201474729340538,71.308757901704,0.0213,71.3297955168538
0.20781571022186,73.913626701388,0.02135,73.9100867554275
0.214094732419907,76.5017022630599,0.0214,76.4721417860348
0.220311065088705,79.0678777426896,0.02145,79.0153284599332
0.226466777507746,81.6052360347354,0.0215,81.5390192838663
0.232562518765854,84.1155100947149,0.02155,84.0425915748853
0.238599156637233,86.5985335511823,0.0216,86.5254276139897
0.244577113727215,89.0551192708753,0.02165,88.9869147985382
0.250497890006278,91.4830770132801,0.0217,91.4264457933996
0.256359783203386,93.8884755386542,0.02175,93.8434186808051
0.262160874730182,96.2724046737992,0.0218,96.23723710886
0.267900616510808,98.631718905751,0.02185,98.6073104386873
0.273576290381697,100.969866275131,0.0219,100.953053890156
0.279185719332183,103.285736914407,0.02195,103.273888686171
0.284727176666827,105.5776138295,0.022,105.569242195473
0.290201191003418,107.840076025108,0.02205,107.83854807393
0.295606056974035,110.07646642851,0.0221,110.081246404272
0.300940568799778,112.28592856867,0.02215,112.296783834245
0.306205120358555,114.464627859976,0.0222,114.48461371314
0.31139803501752,116.61586233162,0.02225,116.644196226671
0.316517821277532,118.73940949111,0.0223,118.774998530168
0.321562996688316,120.834750016559,0.02235,120.876494880046
0.32653369752775,122.898042967771,0.0224,122.948166763526
0.331427942601196,124.932654383635,0.02245,124.98950302657
0.336244048874515,126.938116067637,0.0225,127
0.340980463817458,128.913606367395,0.02255,128.979161623772
0.345637318156578,130.855108704627,0.0226,130.92649956937
0.350212782614854,132.76566086449,0.02265,132.841533360295
0.354705350588776,134.644731773601,0.0227,134.723790490613
0.359113641447819,136.491550564916,0.02275,136.572806541544
0.36343644300121,138.305242886513,0.0228,138.388125296042
0.367674416709052,140.081481084016,0.02285,140.169298851371
0.371825756473509,141.824386448992,0.0229,141.915887729605
0.375888977077354,143.533672282344,0.02295,143.627460986076
0.379862682929742,145.208717055709,0.023,145.303596315692
0.383745647281494,146.848697415134,0.02305,146.943880157141
0.387538589364445,148.449172398497,0.0231,148.547907794931
0.391239702126605,150.014396763323,0.02315,150.115283459241
0.394847579469579,151.543974787695,0.0232,151.645620423582
0.398360959569588,153.037193370029,0.02325,153.138541100205
0.401778786886175,154.493184628827,0.0233,154.593677133273
0.405101780291709,155.907902661835,0.02335,156.010669489743
0.408328430706519,157.285100270152,0.0234,157.389168547954
0.4114575695413,158.624480448336,0.02345,158.728834183891
0.414488134175986,159.925490275528,0.0235,160.029335855103
0.417419222319646,161.187441979822,0.02355,161.290352682263
0.420250099722826,162.409638927563,0.0236,162.511573528339
0.422981323394216,163.589131037459,0.02365,163.692697075359
0.425612155452934,164.727990698523,0.0237,164.833431898762
0.428141452511046,165.827257933929,0.02375,165.9334965393
0.430568212140671,166.886599079366,0.0238,166.992619572483
0.432891572507924,167.905443350898,0.02385,168.01053967555
0.435110853170291,168.883121888113,0.0239,168.987005691949
0.437225547495248,169.818998246329,0.02395,169.921776693299
0.439235280675994,170.712560735643,0.024,170.814622038845
0.44113975218581,171.563463719378,0.02405,171.665321432357
0.442940184293871,172.368462376752,0.0241,172.473664976489
0.444635352167354,173.132055161086,0.02415,173.239453224566
0.446224320720088,173.854301469867,0.0242,173.962497229798
0.447706243244456,174.534854173785,0.02425,174.642618591895
0.449080461734036,175.173107626542,0.0243,175.279649501089
0.450346542107063,175.768373855898,0.02435,175.873432779533
0.451504252117746,176.320037001854,0.0244,176.42382192009
0.452553501732081,176.827653901813,0.02445,176.930681122474
0.453494269912124,177.290989885074,0.0245,177.393885326762
0.454326539048715,177.709997347055,0.02455,177.813320244248
0.455050251090423,178.08475669194,0.0246,178.188882385641
0.45566529061309,178.415403467621,0.02465,178.520479086602
0.456171492205627,178.702062892423,0.0247,178.808028530609
0.45656866429344,178.944805850872,0.02475,179.051459769137
0.456856619502515,179.14363167749,0.0248,179.250712739172
0.457035202562835,179.298475195325,0.02485,179.405738278025
0.457104309609891,179.409230211949,0.0249,179.516498135463
0.457063896378028,179.47577963121,0.02495,179.582964983149
0.456913976110232,179.498023202207,0.025,179.605122421383
0.456654610302003,179.475896757592,0.02505,179.582964983149
0.456285896354721,179.409380408456,0.0251,179.516498135463
0.455807955939403,179.298496485615,0.02515,179.405738278025
0.45522092674109,179.143300312479,0.0252,179.250712739172
0.454524958757971,178.943867862476,0.02525,179.051459769137
0.453720214923333,178.700284092372,0.0253,178.808028530609
0.452806874822342,178.412634624157,0.02535,178.520479086602
0.451785139828588,178.08100196068,0.0254,178.188882385641
0.45065523805814,177.705466018269,0.02545,177.813320244248
0.449417427983151,177.28610776254,0.0255,177.393885326762
0.44807200016129,176.823014282999,0.02555,176.930681122474
0.446619277129411,176.316283709187,0.0256,176.42382192009
0.445059611941269,175.766028810347,0.02565,175.873432779533
0.443393386035313,175.172378731106,0.0257,175.279649501088
0.441621007106158,174.535478905343,0.02575,174.642618591895
0.439742907480233,173.855489622177,0.0258,173.962497229798
0.437758195236034,173.135325499865,0.02585,173.239453224566
0.435668568421433,172.370279796594,0.0259,172.473664976488
0.433475138436899,171.561030162316,0.02595,171.665321432357
0.431178760195353,170.708542195715,0.026,170.814622038845
0.428780023174593,169.813812318416,0.02605,169.921776693299
0.42627931580926,168.877670535761,0.0261,168.987005691949
0.423676929036433,167.900675966335,0.02615,168.01053967555
0.420973163887568,166.883107179577,0.0262,166.992619572483
0.418168415869898,165.825025805519,0.02625,165.9334965393
0.415262033522324,164.728795348036,0.0263,164.833431898762
0.412255870463762,163.589851868944,0.02635,163.692697075359
0.409151283770669,162.408782859019,0.0264,162.511573528339
0.405949421175291,161.18651952405,0.02645,161.290352682263
0.402651184868817,159.924096793359,0.0265,160.029335855103
0.399257270345696,158.622451114438,0.02655,158.728834183891
0.395766941615834,157.284960368879,0.0266,157.389168547954
0.392182061533228,155.90706758777,0.02665,156.010669489743
0.388503852853287,154.489669046466,0.0267,154.593677133273
0.384733327427141,153.033755002999,0.02675,153.138541100205
0.38087131917201,151.54023283765,0.0268,151.645620423582
0.376918557945971,150.009817403528,0.02685,150.115283459241
0.372874658916106,148.445229316294,0.0269,148.547907794931
0.368741554057419,146.84243690142,0.02695,146.943880157141
0.364520632800461,145.202275532415,0.027,145.303596315692
0.360213100031216,143.525719212008,0.02705,143.627460986076
0.355819989632097,141.813710631577,0.0271,141.915887729605
0.351341202273011,140.069117170461,0.02715,140.169298851371
0.346778730645098,138.288451685907,0.0272,138.388125296042
0.342133970457684,136.472788380163,0.02725,136.572806541544
0.33740810392491,134.623219839519,0.0273,134.723790490613
0.332600975130182,132.743095078024,0.02735,132.841533360295
0.32771477412471,130.828507473693,0.0274,130.92649956937
0.322751001492976,128.880679883913,0.02745,128.979161623772
0.317710907550768,126.900836193397,0.0275,127
0.312594339550292,124.892504220735,0.02755,124.989503026569
0.307403554233868,122.851693983615,0.0276,122.948166763526
0.302140106025019,120.779659273384,0.02765,120.876494880045
0.296805305395598,118.677636356952,0.0277,118.774998530168
0.291399120192769,116.54905269001,0.02775,116.644196226671
0.285923832154452,114.390122421818,0.0278,114.48461371314
0.280381052140868,112.202089277452,0.02785,112.296783834245
0.274772162024611,109.986175909891,0.0279,110.081246404272
0.269097330931214,107.74556398738,0.02795,107.83854807393
0.263358811996862,105.47692782701,0.028,105.569242195473
0.257558246342335,103.181485308621,0.02805,103.273888686171
0.251695812876678,100.862975293975,0.0281,100.953053890157
0.245774068695875,98.5175921140337,0.02815,98.6073104386871
0.239794806035791,96.1468244298454,0.0282,96.2372371088598
0.233758111671691,93.7549864697162,0.02825,93.8434186808049
0.227666635832922,91.3379967724889,0.0283,91.4264457933995
0.221522173968938,88.8974906485663,0.02835,88.986914798538
0.215326195828339,86.4350085479119,0.0284,86.5254276139896
0.209078782517226,83.9541802922847,0.02845,84.0425915748851
0.202782241089083,81.4514803157993,0.0285,81.5390192838661
0.196438286105553,78.9280724077147,0.02855,79.0153284599331
0.19004722180722,76.3876078756137,0.0286,76.4721417860346
0.183611682559805,73.8263984177986,0.02865,73.9100867554273
0.177076363889305,71.3622647046022,0.0287,71.3297955168538
0.170377761002522,69.0267202911846,0.02875,68.7319047185669
0.163623346015846,66.4692288298529,0.0288,66.1170553512482
0.15687051010005,63.7411112857786,0.02885,63.4858925898526
0.150149810355243,60.9165010690627,0.0289,60.8390656344203
0.143465290420021,58.0684242471704,0.02895,58.1772275498969
0.136801284710048,55.2513333707055,0.029,55.5010351050003
0.130129717778315,52.4980885487196,0.02905,52.8111486101712
0.12342541832994,49.8044657328424,0.0291,50.1082317546529
0.116666931535699,47.1581466874508,0.02915,47.3929514427345
0.109843559384685,44.5318450192298,0.0292,44.6659776292038
0.102956817930108,41.8943397793521,0.02925,41.9279831540442
0.0960154118773441,39.2259126281784,0.0293,39.1796435764232
0.0890325047861806,36.5157703119682,0.02935,36.4216370080076
0.0820237763390292,33.7594124734123,0.0294,33.6546439456486
0.0750003998453972,30.9680872917394,0.02945,30.8793471034816
0.067969671752664,28.1539690489219,0.0295,28.0964312444741
0.0609356357772355,25.3274096178902,0.02955,25.3065830114733
0.0538980213290498,22.4999813441954,0.0296,22.5104907577846
0.0468537533240629,19.6797280097964,0.02965,19.7088443773331
0.0398006183161335,16.8661355986393,0.0297,16.9023351344416
0.032734068404448,14.0637070612435,0.02975,14.0916554932704
0.0256550021003023,11.261800033749,0.0298,11.2774989469646
0.0185663382278926,8.45468828148349,0.02985,8.46055984654208
0.0114696901658509,5.64470741272895,0.0299,5.64153322957552
0.00437063613850497,2.82484148762233,0.02995,2.82111464870095
-0.00272772427541235,-4.56881884157781e-05,0.03,-2.53056936119398e-13
-0.00982325726522415,-2.82626308434179,0.03005,-2.82111464870114
-0.0169120168179432,-5.65617212266635,0.0301,-5.64153322957602
-0.0239921902918777,-8.48502420443269,0.03015,-8.46055984654226
-0.0310639064770548,-11.3074194658622,0.0302,-11.2774989469648
-0.0381251403452747,-14.1264632735901,0.03025,-14.0916554932706
-0.0451743613321125,-16.9411896608063,0.0303,-16.9023351344418
-0.0522115884166236,-19.7477628174862,0.03035,-19.7088443773333
-0.0592341196236084,-22.550706567959,0.0304,-22.5104907577848
-0.0662404492241723,-25.3477781829843,0.03045,-25.3065830114735
-0.0732302091910138,-28.1357189985947,0.0305,-28.0964312444743
-0.0802000704110457,-30.9195835637565,0.03055,-30.8793471034818
-0.0871499346449998,-33.6929927522475,0.0306,-33.6546439456488
-0.0940769091946693,-36.4600946659008,0.03065,-36.4216370080078
-0.100977732079456,-39.2217254687499,0.0307,-39.1796435764234
-0.107852273898989,-41.9709035328655,0.03075,-41.9279831540444
-0.114698137759258,-44.7106008466405,0.0308,-44.665977629204
-0.121513257431475,-47.440095294584,0.03085,-47.3929514427347
-0.128296847643488,-50.1560645262336,0.0309,-50.1082317546531
-0.135048007577957,-52.8577209233421,0.03095,-52.8111486101713
-0.141763539423792,-55.5491861297448,0.031,-55.5010351050005
-0.148443827893828,-58.2232236853687,0.03105,-58.1772275498973
-0.155086359201413,-60.884121054261,0.0311,-60.8390656344205
-0.161688401516677,-63.5325101873332,0.03115,-63.4858925898531
-0.16825093357319,-66.1602900384434,0.0312,-66.1170553512486
-0.174770519835509,-68.7747603635348,0.03125,-68.731904718567
-0.181305234229146,-71.2514614247318,0.0313,-71.3297955168543
-0.187819139487862,-73.7659311407245,0.03135,-73.9100867554278
-0.194269983999003,-76.3590487589758,0.0314,-76.4721417860347
-0.200630487928743,-79.0012663450482,0.03145,-79.0153284599335
-0.206889452383969,-81.6497644592644,0.0315,-81.5390192838663
-0.213047250942636,-84.2711253246094,0.03155,-84.0425915748855
-0.219114447399346,-86.8385155752845,0.0316,-86.5254276139897
-0.225106277950107,-89.339166141339,0.03165,-88.9869147985382
-0.231039423259766,-91.7701962898022,0.0317,-91.4264457933999
-0.236923813352274,-94.1473344554394,0.03175,-93.8434186808051
-0.242763829044144,-96.4862361274459,0.0318,-96.23723710886
-0.248559837783393,-98.7984042488101,0.03185,-98.6073104386873
-0.254305565131093,-101.099177258207,0.0319,-100.953053890157
-0.259992969007947,-103.393690411299,0.03195,-103.273888686172
-0.265614133741244,-105.681017072467,0.032,-105.569242195473
-0.271164801318367,-107.951974482791,0.03205,-107.83854807393
-0.276640430827153,-110.204435621049,0.0321,-110.081246404272
-0.282039274435176,-112.431410250645,0.03215,-112.296783834245
-0.28736318921673,-114.62377972004,0.0322,-114.48461371314
-0.292612716535793,-116.782586430202,0.03225,-116.644196226671
-0.297788837724159,-118.907061627586,0.0323,-118.774998530168
-0.302892082802283,-120.99793903155,0.03235,-120.876494880046
-0.307923970616202,-123.053224209883,0.0324,-122.948166763525
-0.312882647338551,-125.079393301899,0.03245,-124.98950302657
-0.317765836758165,-127.078036379133,0.0325,-127
-0.322570937873029,-129.04953010596,0.03255,-128.979161623772
-0.327297182748956,-130.989594170821,0.0326,-130.92649956937
-0.331941635974582,-132.90147958891,0.03265,-132.841533360295
-0.336502092093999,-134.783692415923,0.0327,-134.723790490614
-0.340976875362964,-136.634352292123,0.03275,-136.572806541544
-0.3453664465802,-138.44833669024,0.0328,-138.388125296043
-0.349669305803974,-140.228563729861,0.03285,-140.169298851371
-0.353884336175128,-141.974447937918,0.0329,-141.915887729605
-0.358010469191107,-143.685462311792,0.03295,-143.627460986076
-0.362046665814959,-145.361142570809,0.033,-145.303596315692
-0.365993627544546,-146.9975662279,0.03305,-146.943880157141
-0.369849512217077,-148.59911998477,0.0331,-148.547907794931
-0.373612706391112,-150.165775622659,0.03315,-150.115283459241
-0.377281655428417,-151.697030487551,0.0332,-151.645620423582
-0.380854990504867,-153.192052614187,0.03325,-153.138541100205
-0.384333210648233,-154.646565773499,0.0333,-154.593677133273
-0.387714648104944,-156.064123392608,0.03335,-156.010669489743
-0.390998019216861,-157.444282372746,0.0334,-157.389168547954
-0.394182185178233,-158.7863715678,0.03345,-158.728834183891
-0.397266190644752,-160.089628875645,0.0335,-160.029335855103
-0.400249255142318,-161.353328509973,0.03355,-161.290352682263
-0.40313230363645,-162.573672181175,0.0336,-162.511573528339
-0.405913988276923,-163.754618229579,0.03365,-163.692697075359
-0.408593202653112,-164.896168110814,0.0337,-164.833431898762
-0.41116888081362,-165.9980007305,0.03375,-165.9334965393
-0.413640086696083,-167.05956551976,0.0338,-166.992619572483
-0.416006056395609,-168.080210321413,0.03385,-168.010539675551
-0.418266194911018,-169.059304260331,0.0339,-168.987005691949
-0.420420039625899,-169.996327076717,0.03395,-169.9217766933
-0.422468803443361,-170.887666418763,0.034,-170.814622038845
-0.424411264581865,-171.737725024607,0.03405,-171.665321432357
-0.426246467677803,-172.546593458628,0.0341,-172.473664976489
-0.4279735163617,-173.313987883348,0.03415,-173.239453224566
-0.429591672234805,-174.039369209031,0.0342,-173.962497229798
-0.431100397257252,-174.722096521441,0.03425,-174.642618591895
-0.43249934358104,-175.361568926018,0.0343,-175.279649501089
-0.433788306573284,-175.957324375668,0.03435,-175.873432779533
-0.434967161706509,-176.50908243328,0.0344,-176.42382192009
-0.436035804667257,-177.016734805279,0.03445,-176.930681122474
-0.436994108358162,-177.480299160118,0.0345,-177.393885326762
-0.437841902918683,-177.899856707931,0.03455,-177.813320244248
-0.438578977769273,-178.275492762938,0.0346,-178.188882385641
-0.439205099607735,-178.607253919722,0.03465,-178.520479086602
-0.43972003796664,-178.895127998776,0.0347,-178.808028530609
-0.440123236721647,-179.139764828742,0.03475,-179.051459769137
-0.440416743060731,-179.335942079189,0.0348,-179.250712739172
-0.440599295006289,-179.489722506049,0.03485,-179.405738278025
-0.440670163181447,-179.601040363025,0.0349,-179.516498135463
-0.440628820708965,-179.669394544491,0.03495,-179.582964983149
-0.44047502470398,-179.694077685535,0.035,-179.605122421383
-0.440208815044056,-179.674399654108,0.03505,-179.582964983149
-0.439830451686005,-179.609852759721,0.0351,-179.516498135463
-0.439338784829742,-179.503318296983,0.03515,-179.405738278025
-0.438735326286955,-179.349845352165,0.0352,-179.250712739172
-0.438021092450607,-179.149795353458,0.03525,-179.051459769137
-0.437196831541145,-178.904024604319,0.0353,-178.808028530609
-0.436262960540888,-178.6135658963,0.03535,-178.520479086602
-0.435219605137812,-178.279350719952,0.0354,-178.188882385641
-0.434066706892817,-177.902029041438,0.03545,-177.813320244248
-0.432804154640305,-177.48190554063,0.0355,-177.393885326762
-0.431431902163183,-177.018978215613,0.03555,-176.930681122474
-0.42995004712891,-176.513044048241,0.0356,-176.42382192009
-0.428358861991042,-175.963829142445,0.03565,-175.873432779533
-0.426658781542559,-175.37110562263,0.0357,-175.279649501089
-0.424850361108383,-174.734770348343,0.03575,-174.642618591895
-0.422934222920541,-174.054876070357,0.0358,-173.962497229798
-0.420911006627153,-173.331619542041,0.03585,-173.239453224566
-0.418781334836989,-172.565300373134,0.0359,-172.473664976489
-0.416544374919964,-171.759162645674,0.03595,-171.665321432357
-0.414201876570553,-170.908593478627,0.036,-170.814622038845
-0.411755017393228,-170.014271590876,0.03605,-169.921776693299
-0.409204731577139,-169.077150875726,0.0361,-168.987005691949
-0.40655170147949,-168.098214551751,0.03615,-168.01053967555
-0.403796419037881,-167.078287196259,0.0362,-166.992619572483
-0.400939284368575,-166.017935464341,0.03625,-165.9334965393
-0.397980708182096,-164.917459012245,0.0363,-164.833431898762
-0.394919846183875,-163.779688410436,0.03635,-163.692697075359
-0.391758535602128,-162.599758020787,0.0364,-162.511573528339
-0.388498166218164,-161.378091902823,0.03645,-161.290352682263
-0.385139975973204,-160.115476735165,0.0365,-160.029335855103
-0.381684996102123,-158.81285390533,0.03655,-158.728834183891
-0.378134066634156,-157.47112944153,0.0366,-157.389168547954
-0.374486533767669,-156.093823002438,0.03665,-156.010669489743
-0.370744325502968,-154.676450277399,0.0367,-154.593677133273
-0.366908776292797,-153.219834204936,0.03675,-153.138541100205
-0.362981022693481,-151.724938361594,0.0368,-151.645620423582
-0.358962020332752,-150.192686627026,0.03685,-150.115283459241
-0.354851160265058,-148.626781940502,0.0369,-148.54790779493
-0.350650585962458,-147.022453648825,0.03695,-146.943880157141
-0.346361798755172,-145.380618901654,0.037,-145.303596315692
-0.341986076373607,-143.702354860397,0.03705,-143.627460986076
-0.337524490197946,-141.988697233028,0.0371,-141.915887729605
-0.332976647088102,-140.24320064394,0.03715,-140.169298851371
-0.32834470037679,-138.461532591113,0.0372,-138.388125296042
-0.323630187035713,-136.644658951032,0.03725,-136.572806541543
-0.318834436297322,-134.793654002941,0.0373,-134.723790490613
-0.313957158063989,-132.912449553286,0.03735,-132.841533360294
-0.309000749188946,-130.996529567203,0.0374,-130.92649956937
-0.303966879542159,-129.047097916817,0.03745,-128.979161623772
-0.298856941846557,-127.065446654412,0.0375,-127
-0.293670658139023,-125.055672943679,0.03755,-124.98950302657
-0.288410423337256,-123.013331975536,0.0376,-122.948166763525
-0.28307790678758,-120.939647321474,0.03765,-120.876494880045
-0.277674521606691,-118.835881985294,0.0377,-118.774998530167
-0.272200118528737,-116.705920792762,0.03775,-116.644196226671
-0.266657101311569,-114.54555191837,0.0378,-114.48461371314
-0.261047198601476,-112.355953588968,0.03785,-112.296783834245
-0.255371905320612,-110.138353770858,0.0379,-110.081246404272
-0.249631304752784,-107.896346842015,0.03795,-107.838548073929
-0.243827780892385,-105.626223091223,0.038,-105.569242195473
-0.237963093643722,-103.329160332271,0.03805,-103.273888686171
-0.232037388447062,-101.009207637102,0.0381,-100.953053890156
-0.226053329563484,-98.6623183431889,0.03815,-98.6073104386869
-0.220012823990214,-96.2899252032287,0.0382,-96.2372371088599
-0.213917468663495,-93.8935012302195,0.03825,-93.8434186808047
-0.207767428958152,-91.476755998479,0.0383,-91.4264457933995
-0.201565041472579,-89.0362888286478,0.03835,-88.9869147985378
-0.19531205415693,-86.5732690254384,0.0384,-86.5254276139896
-0.189008752127605,-84.0914452769189,0.03845,-84.0425915748851
-0.182657738560817,-81.5871544766756,0.0385,-81.5390192838658
-0.176260967587674,-79.0616869329886,0.03855,-79.0153284599331
-0.169816011130908,-76.5247897798254,0.0386,-76.4721417860346
-0.163322359447984,-73.9743720038416,0.03865,-73.9100867554273
-0.156777883593202,-71.4135524831595,0.0387,-71.3297955168535
-0.150180259516084,-68.8433528954743,0.03875,-68.7319047185666
-0.14353182729235,-66.2545103059998,0.0388,-66.1170553512485
-0.136836071678452,-63.6436665586701,0.03885,-63.4858925898526
-0.130094493756363,-61.0151551856977,0.0389,-60.83906563442
-0.123313595856434,-58.3602782086692,0.03895,-58.1772275498972
-0.116496987724504,-55.6846009311079,0.039,-55.5010351049998
-0.109648277110866,-52.9901047174589,0.03905,-52.8111486101712
-0.102771658883411,-50.2768373057006,0.0391,-50.1082317546526
-0.0958686789039703,-47.5511144699427,0.03915,-47.3929514427342
-0.0889396347785468,-44.8171941232933,0.0392,-44.6659776292038
-0.0819880234329206,-42.0696907960375,0.03925,-41.9279831540439
-0.0750142273756143,-39.314681061244,0.0393,-39.1796435764232
-0.0680191522279286,-36.5525974826568,0.03935,-36.4216370080073
-0.0610054452743392,-33.7803818155663,0.0394,-33.6546439456484
-0.0539753073197475,-30.9990240670954,0.03945,-30.8793471034817
-0.0469302667527757,-28.2106933763639,0.0395,-28.0964312444738
-0.0398723982387161,-25.4152031087653,0.03955,-25.306583011473
-0.032802768563717,-22.6151528473316,0.0396,-22.5104907577846
-0.0257246862863149,-19.8069221644808,0.03965,-19.7088443773331
-0.0186415122499309,-16.9904786424675,0.0397,-16.9023351344416
-0.0115535186997832,-14.1728767735571,0.03975,-14.0916554932701
-0.00446317855545064,-11.3513083842341,0.0398,-11.2774989469646
0.00262768292910381,-8.52717826030979,0.03985,-8.4605598465421
0.00971878804638793,-5.70444484169361,0.0399,-5.64153322957554
0.0168080658414789,-2.88053362158892,0.03995,-2.82111464870097
0.0238929419400016,-0.054505914314162,0.04,5.5010443989556e-13
0.0309736597418509,2.76742276730097,0.04005,2.82111464870112
0.0380476881743477,5.58945128758752,0.0401,5.641533229576
0.0451128154636425,8.41108060163659,0.04015,8.46055984654256
0.0521684187668375,11.2283617605006,0.0402,11.2774989469644
0.0592111817738865,14.0456307196947,0.04025,14.0916554932709
0.0662404725342346,16.8574841337444,0.0403,16.9023351344418
0.0732548749564158,19.6640926543963,0.04035,19.7088443773336
0.080251468867929,22.468055195057,0.0404,22.5104907577851
0.0872309448961733,25.2618071970563,0.04045,25.3065830114732
0.0941911298919044,28.0495298286087,0.0405,28.0964312444746
0.101128799708866,30.8335568752614,0.04055,30.8793471034818
0.108044018146924,33.6068743797102,0.0406,33.6546439456491
0.114934257221003,36.3731196184851,0.04065,36.4216370080078
0.121797419858959,39.1314571304575,0.0407,39.1796435764234
0.128632390436663,41.8791284903799,0.04075,41.9279831540447
0.135438164301124,44.6149276491267,0.0408,44.665977629204
0.142211501865161,47.3427384740544,0.04085,47.3929514427346
0.148953533503465,50.053658375711,0.0409,50.1082317546531
0.155660518741474,52.7557640559779,0.04095,52.8111486101713
0.162330672398302,55.4458024108031,0.041,55.5010351050008
0.168964034416515,58.118884283477,0.04105,58.177227549897
0.175558140955757,60.7788937334778,0.0411,60.8390656344204
0.182110270659904,63.4264659231978,0.04115,63.4858925898531
0.188617839424412,66.0607640786062,0.0412,66.1170553512486
0.195074502305482,68.6886268839497,0.04125,68.7319047185676
0.20147463251131,71.3087209416215,0.0413,71.3297955168539
0.207815641059589,73.9135540806864,0.04135,73.9100867554277
0.214094695864526,76.501617675942,0.0414,76.472141786035
0.220311058123109,79.0678024269129,0.04145,79.0153284599332
0.226466791754463,81.6051841699285,0.0415,81.5390192838662
0.232562543742069,84.1154870690329,0.04155,84.0425915748855
0.238599182707697,86.598536811434,0.0416,86.52542761399
0.244577134117029,89.0551408866969,0.04165,88.9869147985384
0.250497901622259,91.4831069033372,0.0417,91.4264457933996
0.256359786359181,93.8885044215039,0.04175,93.8434186808051
0.262160872123586,96.2724260751358,0.0418,96.2372371088603
0.267900611886686,98.6317299868345,0.04185,98.6073104386875
0.27357628728512,100.969867572131,0.0419,100.953053890157
0.279185720231667,103.285731326796,0.04195,103.273888686171
0.284727182567215,105.57760529222,0.042,105.569242195473
0.290201201519389,107.840068265419,0.04205,107.83854807393
0.295606070729327,110.076462090543,0.0421,110.081246404272
0.300940583973373,112.285928823227,0.04215,112.296783834245
0.306205135208712,114.464632470926,0.0422,114.48461371314
0.311398048257647,116.615870057455,0.04225,116.644196226671
0.316517832253449,118.739418624867,0.0423,118.774998530168
0.321563005361488,120.834758907745,0.04235,120.876494880046
0.326533704317767,122.898050399984,0.0424,122.948166763526
0.3314279481583,124.932659758271,0.04245,124.98950302657
0.336244053857571,126.938119387509,0.0425,127
0.340980468728145,128.913608081718,0.04255,128.979161623772
0.345637323256208,130.8551094848,0.0426,130.92649956937
0.350212787921648,132.765661385804,0.04265,132.841533360295
0.35470535593716,134.644732549121,0.0427,134.723790490613
0.359113646578787,136.491551862298,0.04275,136.572806541544
0.36343644765381,138.305244725945,0.0428,138.388125296043
0.367674420690624,140.08148329657,0.04285,140.169298851371
0.371825759695344,141.824388769396,0.0429,141.915887729606
0.375888979557247,143.533674439238,0.04295,143.627460986076
0.379862684768198,145.208718842012,0.043,145.303596315692
0.383745648623916,146.848698725291,0.04305,146.943880157142
0.38753859036206,148.449173231492,0.0431,148.54790779493
0.391239702905443,150.014397200289,0.04315,150.115283459242
0.394847580113398,151.543974954316,0.0432,151.645620423582
0.398360960117074,153.037193397905,0.04325,153.138541100205
0.401778787339519,154.493184624916,0.0433,154.593677133273
0.405101780631571,155.907902691476,0.04335,156.010669489743
0.408328430908034,157.285100354457,0.0434,157.389168547954
0.411457569587037,158.624480572681,0.04345,158.728834183891
0.414488134063406,159.925490404523,0.0435,160.029335855103
0.417419222062686,161.187442073298,0.04355,161.290352682263
0.420250099348648,162.409638953588,0.0436,162.511573528339
0.4229815778633,163.588612512226,0.04365,163.692697075359
0.425612399452992,164.727949546553,0.0437,164.833431898762
0.428141564411298,165.827553674884,0.04375,165.9334965393
0.43056813829989,166.887046775337,0.0438,166.992619572483
0.432891323227936,167.905869798466,0.04385,168.01053967555
0.435110484044421,168.883404803344,0.0439,168.987005691949
0.437225134368614,169.819083190891,0.04395,169.921776693299
0.439234895923269,170.712457263796,0.044,170.814622038845
0.441139447755121,171.56322690696,0.04405,171.665321432357
0.442939983916072,172.368167970226,0.0441,172.473664976489
0.444635252455868,173.131775682729,0.04415,173.239453224566
0.446224298509941,173.854089386051,0.0442,173.962497229798
0.447706265898617,174.534734056681,0.04425,174.642618591895
0.44908049716123,175.173077063634,0.0443,175.279649501089
0.450346566131778,175.768410691252,0.04435,175.873432779533
0.451504252079075,176.320109559527,0.0444,176.42382192009
0.452553476386726,176.827730957638,0.04445,176.930681122474
0.4534942265962,177.291048026404,0.0445,177.393885326762
0.454326489479325,177.710024587749,0.04455,177.813320244248
0.455050207171454,178.084752405072,0.0446,178.188882385641
0.455665261265386,178.415375578089,0.04465,178.520479086602
0.456171481735811,178.702023701349,0.0447,178.808028530609
0.456568672311869,178.944767851592,0.04475,179.051459769137
0.456856642021051,179.143604383252,0.0448,179.250712739172
0.457035233708705,179.298463496203,0.04485,179.405738278025
0.457104343383521,179.409234276368,0.0449,179.516498135463
0.457063928015621,179.475795987677,0.04495,179.582964983149
0.456914002818301,179.498046441358,0.045,179.605122421383
0.456654631342198,179.475921284391,0.04505,179.582964983149
0.456285912620815,179.409401805233,0.0451,179.516498135463
0.45580796925608,179.298512251861,0.04515,179.405738278025
0.455220939124093,179.143309957785,0.0452,179.250712739172
0.454524971824337,178.94387249223,0.04525,179.051459769137
0.453720229556507,178.70028571403,0.0453,178.808028530609
0.452806891108657,178.412635412667,0.04535,178.520479086602
0.451785157211418,178.081003671744,0.0454,178.188882385641
0.450655255616627,177.705469654519,0.04545,177.813320244248
0.449417444735544,177.286113509983,0.0455,177.393885326762
0.448072015312178,176.823021664727,0.04555,176.930681122474
0.446619290214067,176.316291864079,0.0456,176.42382192009
0.445059622857184,175.766036797284,0.04565,175.873432779533
0.443393394980993,175.172385777839,0.0457,175.279649501088
0.44162101446479,174.535484555322,0.04575,174.642618591895
0.439742913689835,173.855493768909,0.0458,173.962497229798
0.437757678806572,173.136389713691,0.04585,173.239453224566
0.435667865356629,172.370787573309,0.0459,172.473664976488
0.433474453074942,171.560989412822,0.04595,171.665321432357
0.431178245021745,170.70809417635,0.046,170.814622038845
0.428779754311315,169.813163529515,0.04605,169.921776693299
0.426279293266906,168.877025889081,0.0461,168.987005691949
0.423677095441119,167.900189159709,0.04615,168.01053967555
0.420973432482346,166.882856020831,0.0462,166.992619572483
0.418168698649065,165.825012210889,0.04625,165.9334965393
0.415262262594764,164.728963867771,0.0463,164.833431898762
0.412256009257367,163.590117311114,0.04635,163.692697075359
0.409151327783071,162.409058435887,0.0464,162.511573528339
0.405949390770449,161.18673824653,0.04645,161.290352682263
0.402651113865285,159.924222679038,0.0465,160.029335855103
0.399257194229223,158.62248004646,0.04655,158.72883418389
0.395766888343186,157.28491298542,0.0466,157.389168547954
0.392182046481765,155.906978006474,0.04665,156.010669489743
0.388503878133759,154.489573095878,0.0467,154.593677133273
0.384733384613196,153.03368102678,0.04675,153.138541100205
0.38087139392265,151.540196641727,0.0468,151.645620423582
0.376918634918922,150.009821531328,0.04685,150.115283459241
0.372874725695531,148.445265752558,0.0469,148.54790779493
0.368741603412505,146.842491620034,0.04695,146.943880157141
0.364520663114356,145.202333420965,0.047,145.303596315692
0.360213114268227,143.525768008048,0.04705,143.627460986076
0.355819993459322,141.813743179414,0.0471,141.915887729605
0.351341202004335,140.069131872732,0.04715,140.16929885137
0.346778731552293,138.288451490789,0.0472,138.388125296042
0.342133975763304,136.47277892575,0.04725,136.572806541544
0.337408114551181,134.6232074104,0.0473,134.723790490613
0.332600990072574,132.743084922716,0.04735,132.841533360295
0.327714791203994,130.828502793926,0.0474,130.92649956937
0.322751018204536,128.88068158128,0.04745,128.979161623772
0.317710921780477,126.900843238836,0.0475,127
0.312594350014784,124.892514403147,0.04755,124.98950302657
0.307403560611097,122.851704749964,0.0476,122.948166763525
0.302140108815955,120.779668449669,0.04765,120.876494880045
0.296805305620427,118.677642592098,0.0477,118.774998530167
0.291399119036569,116.549055587796,0.04775,116.644196226671
0.285923830661013,114.390122407099,0.0478,114.48461371314
0.280381051016598,112.202087296515,0.04785,112.296783834245
0.274772161572568,109.98617307866,0.0479,110.081246404272
0.269097331098458,107.745561286334,0.04795,107.83854807393
0.263358812494807,105.476925905764,0.048,105.569242195473
0.257558246792763,103.181484418935,0.04805,103.273888686171
0.251695812941326,100.862975335892,0.0481,100.953053890156
0.245774068162283,98.5175927553018,0.04815,98.6073104386869
0.239794804849527,96.1468252512174,0.0482,96.2372371088596
0.233758109920811,93.7549870939904,0.04825,93.843418680805
0.227666633700207,91.3379969508378,0.0483,91.4264457933995
0.221522171672061,88.8974902927785,0.04835,88.9869147985378
0.215326193565468,86.4350077151188,0.0484,86.5254276139893
0.209078780430124,83.954179137487,0.04845,84.0425915748848
0.202782239247851,81.4514790330842,0.0485,81.5390192838661
0.196438284514007,78.9280711751959,0.04855,79.0153284599331
0.190047220422262,76.3876068179149,0.0486,76.4721417860343
0.183611681316272,73.826397591467,0.04865,73.9100867554271
0.177076362702437,71.3622641452523,0.0487,71.3297955168536
0.170377759782477,69.026719998881,0.04875,68.7319047185669
0.163623344738275,66.4692286547019,0.0488,66.1170553512482
0.156870508787336,63.7411110980836,0.04885,63.4858925898523
0.150149809059574,60.9165007853565,0.0489,60.83906563442
0.143465289201975,58.0684238411779,0.04895,58.1772275498966
0.136801283619911,55.2513328661788,0.049,55.5010351050001
0.130129716848508,52.4980879924442,0.04905,52.8111486101709
0.123425417568219,49.8044651866664,0.0491,50.1082317546527
0.116666930928195,47.1581462059262,0.04915,47.3929514427342
0.109843011826605,44.5329572793183,0.0492,44.6659776292032
0.102956161114432,41.8946953996724,0.04925,41.9279831540439
0.0960148761953948,39.2256397311394,0.0493,39.1796435764232
0.0890322298550805,36.5151161963951,0.04935,36.4216370080073
0.0820238015448999,33.7586498441138,0.0494,33.6546439456484
0.0750006779488052,30.9674487120312,0.04945,30.8793471034811
0.0679701036267796,28.153594564488,0.0495,28.0964312444742
0.0609361076011914,25.3273380330076,0.04955,25.306583011473
0.0538984359224329,22.5001668964539,0.0496,22.5104907577843
0.0468540509372081,19.6800701457001,0.04965,19.7088443773328
0.039800780497636,16.8665222355079,0.0497,16.902335134441
0.0327341127784363,14.0640416667436,0.04975,14.0916554932705
0.0256549680975302,11.2620239705319,0.0498,11.2774989469643
0.0185662719316576,8.45478429773164,0.04985,8.4605598465418
0.0114696315359067,5.64469284631637,0.0499,5.64153322957588
0.00437061105099662,2.82475506791873,0.04995,2.82111464870068
-0.00272770673445727,-0.000158265197135188,0.05,-2.09066368462635e-13
-0.00982320250226409,-2.82636239235337,0.05005,-2.82111464870141
-0.016911939506083,-5.65623297446053,0.0501,-5.64153322957598
-0.0239921084019885,-8.48503771984137,0.05015,-8.46055984654222
-0.0310638358021727,-11.3073914224358,0.0502,-11.277498946965
-0.038125091031175,-14.1264088084275,0.05025,-14.0916554932709
-0.045174336719969,-16.9411270184173,0.0503,-16.9023351344418
-0.0522115858790531,-19.7477079641038,0.05035,-19.7088443773336
-0.0592341326892777,-22.550669734328,0.0504,-22.5104907577847
-0.0662404699899322,-25.3477630103,0.05045,-25.3065830114734
-0.0732302305670224,-28.1357231359523,0.0505,-28.0964312444743
-0.0802000875058804,-30.9196009011928,0.05055,-30.8793471034818
-0.0871499453631358,-33.6930156642947,0.0506,-33.6546439456491
-0.0940769138754689,-36.46011646369,0.05065,-36.4216370080078
-0.100977732747189,-39.2217415784155,0.0507,-39.1796435764233
-0.107852273268294,-41.9709120745127,0.05075,-41.9279831540443
-0.114698138338399,-44.7106023719023,0.0508,-44.6659776292039
-0.121513260882138,-47.4400920648051,0.05085,-47.3929514427349
-0.128296854563942,-50.1560594130718,0.0509,-50.1082317546528
-0.135048017588636,-52.8577165555131,0.05095,-52.8111486101713
-0.14176355147849,-55.5491842942444,0.051,-55.5010351050005
-0.148443840688711,-58.2232250724069,0.05105,-58.1772275498973
-0.155086371518441,-60.8841254129723,0.0511,-60.8390656344207
-0.161688412499808,-63.5325165498,0.05115,-63.4858925898527
-0.168250942819788,-66.1602971811339,0.0512,-66.1170553512486
-0.174770527372125,-68.7747671424087,0.05125,-68.7319047185673
-0.181305241128609,-71.251465526869,0.0513,-71.3297955168542
-0.187819146535939,-73.7659328961259,0.05135,-73.910086755428
-0.194269512083692,-76.3600243887717,0.0514,-76.4721417860347
-0.20062992159416,-79.0015766237368,0.05145,-79.0153284599335
-0.206888994958531,-81.6495207057882,0.0515,-81.5390192838665
-0.213047026116915,-84.2705444637608,0.05155,-84.0425915748858
-0.219114489092559,-86.8378407499607,0.0516,-86.5254276139902
-0.225106544577307,-89.3386010099804,0.05165,-88.9869147985381
-0.23103982677734,-91.7698654987692,0.0517,-91.4264457933999
-0.236924252260366,-94.1472733555961,0.05175,-93.8434186808053
-0.242764216363068,-96.4864047215117,0.0518,-96.2372371088605
-0.248560118503256,-98.7987158576871,0.05185,-98.6073104386878
-0.25430572147471,-101.099531443044,0.0519,-100.953053890157
-0.25999301540253,-103.394000751564,0.05195,-103.273888686172
-0.265614105271905,-105.68122859448,0.052,-105.569242195474
-0.271164740108229,-107.952069074774,0.05205,-107.83854807393
-0.276640374169262,-110.204427145077,0.0521,-110.081246404272
-0.282039247108633,-112.431333140553,0.05215,-112.296783834245
-0.287363200782321,-114.623675492086,0.0522,-114.48461371314
-0.29261276301503,-116.782491871793,0.05225,-116.644196226671
-0.297788906130552,-118.907001145281,0.0523,-118.774998530168
-0.302892156709441,-120.997921926925,0.05235,-120.876494880046
-0.307924035154309,-123.053246293311,0.0524,-122.948166763526
-0.3128826925325,-125.079441404036,0.05245,-124.98950302657
-0.317765858837459,-127.078093858843,0.0525,-127
-0.322570938739441,-129.049581816041,0.05255,-128.979161623772
-0.32729716819729,-130.989629803137,0.0526,-130.92649956937
-0.33194161341125,-132.901495000733,0.05265,-132.841533360295
-0.336502068436518,-134.783689116812,0.0527,-134.723790490613
-0.340976855580981,-136.634335691734,0.05275,-136.572806541544
-0.345366433067766,-138.448313844819,0.0528,-138.388125296043
-0.349669298531161,-140.228541244325,0.05285,-140.169298851371
-0.353884333377809,-141.974430518229,0.0529,-141.915887729605
-0.358010468299071,-143.685452136033,0.05295,-143.627460986076
-0.362046664333156,-145.361139428589,0.053,-145.303596315692
-0.365993623686011,-146.997568200398,0.05305,-146.943880157142
-0.3698495051979,-148.599124362776,0.0531,-148.54790779493
-0.373612696401659,-150.165779781456,0.05315,-150.115283459241
-0.377281643370304,-151.697032517137,0.0532,-151.645620423582
-0.380854977617092,-153.192051614462,0.05325,-153.138541100205
-0.384333198140284,-154.646561830514,0.0533,-154.593677133273
-0.387714636888666,-156.064117311608,0.05335,-156.010669489743
-0.390998009772805,-157.44427531106,0.0534,-157.389168547954
-0.394182177557145,-158.78636467118,0.05345,-158.728834183891
-0.397266184569795,-160.089623008053,0.0535,-160.029335855103
-0.400249250162133,-161.353324118675,0.05355,-161.290352682263
-0.403132299278936,-162.573669296887,0.0536,-162.511573528339
-0.405913984168551,-163.754616562719,0.05365,-163.692697075359
-0.408593198581571,-164.896167204273,0.0537,-164.833431898762
-0.411168876734416,-165.998000111957,0.05375,-165.9334965393
-0.413640082695802,-167.059564818446,0.0538,-166.992619572483
-0.416006052631885,-168.080209330339,0.05385,-168.01053967555
-0.418266191549899,-169.059302942687,0.0539,-168.987005691949
-0.420420036792572,-169.996325529147,0.05395,-169.9217766933
-0.422468801194642,-170.887664812076,0.054,-170.814622038845
-0.424411262902978,-171.737723538973,0.05405,-171.665321432357
-0.426246466496663,-172.546592235597,0.0541,-172.473664976489
-0.4279735155736,-173.313986998379,0.05415,-173.239453224566
-0.429591671728948,-174.039368666891,0.0542,-173.962497229798
-0.431100396938297,-174.722096269955,0.05425,-174.642618591895
-0.432499343381713,-175.361568880278,0.0543,-175.279649501089
-0.433788306457315,-175.957324444182,0.05435,-175.873432779533
-0.434967161663735,-176.509082539077,0.0544,-176.42382192009
-0.436035804704009,-177.01673489839,0.05445,-176.930681122474
-0.436994108486506,-177.480299220524,0.0545,-177.393885326763
-0.437841903147448,-177.899856740569,0.05455,-177.813320244248
-0.438578978098491,-178.275492788286,0.0546,-178.188882385641
-0.439205100027072,-178.607253963003,0.05465,-178.520479086602
-0.439720038457126,-178.895128080991,0.0547,-178.808028530609
-0.440123590777323,-179.13904597802,0.05475,-179.051459769137
-0.440417169689013,-179.335708446187,0.0548,-179.250712739172
-0.440599644753769,-179.489895749367,0.05485,-179.405738278025
-0.440670344106556,-179.601463775332,0.0549,-179.516498135463
-0.440628806261144,-179.669890964808,0.05495,-179.582964983149
-0.440474843731053,-179.694497657723,0.055,-179.605122421383
-0.44020853088214,-179.674650650584,0.05505,-179.582964983149
-0.439830138165523,-179.60990719962,0.0551,-179.516498135463
-0.43933850582583,-179.503203725816,0.05515,-179.405738278025
-0.438735122752465,-179.349623984097,0.0552,-179.250712739172
-0.438020978310726,-179.149540156951,0.05525,-179.051459769137
-0.437196797145333,-178.903798910326,0.0553,-178.808028530609
-0.436262980930245,-178.613410501146,0.05535,-178.520479086602
-0.435219649908481,-178.279279706506,0.0554,-178.188882385641
-0.434066748865765,-177.902033120911,0.05545,-177.813320244248
-0.432804175543781,-177.481960200201,0.0555,-177.393885326762
-0.431431894712125,-177.019053481658,0.05555,-176.930681122474
-0.429950013913548,-176.513113092967,0.0556,-176.42382192009
-0.428358812254607,-175.963873944746,0.05565,-175.873432779533
-0.426658727164978,-175.371119060301,0.0557,-175.279649501088
-0.424850312970778,-174.734755121053,0.05575,-174.642618591895
-0.422934188435145,-174.054841518215,0.0558,-173.962497229798
-0.420910988735982,-173.331577663856,0.05585,-173.239453224566
-0.418781332349933,-172.565262211854,0.0559,-172.473664976488
-0.416544383771777,-171.759135822191,0.05595,-171.665321432357
-0.414201891457783,-170.908581185142,0.056,-170.814622038845
-0.411755033303324,-170.014272904648,0.05605,-169.921776693299
-0.409204744864185,-169.07716199601,0.0561,-168.987005691949
-0.406551710341502,-168.098230422119,0.05615,-168.01053967555
-0.403796423431846,-167.078303021742,0.0562,-166.992619572483
-0.400939285526303,-166.017947782734,0.05625,-165.9334965393
-0.397980707945234,-164.917466173161,0.0563,-164.833431898762
-0.394919846364759,-163.779690496295,0.05635,-163.692697075359
-0.391758537517977,-162.599756371319,0.0564,-162.511573528338
-0.388498170467626,-161.378088456943,0.05645,-161.290352682263
-0.385139982447696,-160.115473396238,0.0565,-160.029335855103
-0.381685004169327,-158.812852077848,0.05655,-158.72883418389
-0.378134075405384,-157.47112980757,0.0566,-157.389168547954
-0.374486542362001,-156.093825532829,0.05665,-156.010669489743
-0.370744333247302,-154.676454408649,0.0567,-154.593677133272
-0.366908782822529,-153.219839106982,0.05675,-153.138541100205
-0.362981027955446,-151.724943201967,0.0568,-151.645620423582
-0.358962024514106,-150.192690769626,0.05685,-150.115283459241
-0.354851163683602,-148.626785047882,0.0569,-148.54790779493
-0.350651720250702,-147.02015486172,0.05695,-146.943880157141
-0.346363335671742,-145.37952482902,0.057,-145.303596315692
-0.341987574786104,-143.702445452787,0.05705,-143.627460986076
-0.337525621237698,-141.98966631351,0.0571,-141.915887729605
-0.33297724629089,-140.244603153639,0.05715,-140.16929885137
-0.328344767016963,-138.4629274606,0.0572,-138.388125296042
-0.323629843721931,-136.645715645417,0.05725,-136.572806541543
-0.318833868895462,-134.794204977745,0.0573,-134.723790490613
-0.313956555494372,-132.912489834242,0.05735,-132.841533360294
-0.309000257560151,-130.996177329524,0.0574,-130.92649956937
-0.303966578254907,-129.046534919132,0.05745,-128.979161623772
-0.298856841838976,-127.064858393909,0.0575,-127
-0.29367071710588,-125.05520301987,0.05755,-124.989503026569
-0.288410569906659,-123.013058200866,0.0576,-122.948166763525
-0.283078065595971,-120.939579673424,0.05765,-120.876494880045
-0.277674632935805,-118.835977544505,0.0577,-118.774998530167
-0.272200149125746,-116.706107705196,0.05775,-116.644196226671
-0.266657046036285,-114.545754220973,0.0578,-114.48461371314
-0.261047074784311,-112.356110805598,0.05785,-112.296783834245
-0.255371743066277,-110.138431750318,0.0579,-110.081246404272
-0.249631136575755,-107.896339438131,0.05795,-107.83854807393
-0.243827633333866,-105.626146683591,0.058,-105.569242195473
-0.237962982440396,-103.329044195137,0.05805,-103.273888686171
-0.232037317518649,-101.009083613679,0.0581,-100.953053890156
-0.226053293079527,-98.662212544902,0.05815,-98.6073104386869
-0.220012810270562,-96.2898531303879,0.0582,-96.2372371088602
-0.213917464491172,-93.8934667111421,0.05825,-93.843418680805
-0.207767423160219,-91.476753216743,0.0583,-91.4264457933995
-0.201565027087802,-89.0363061701916,0.05835,-88.9869147985378
-0.195312029025519,-86.5732933504923,0.0584,-86.5254276139893
-0.18900871816138,-84.0914654760689,0.05845,-84.0425915748854
-0.182657700202104,-81.5871636401193,0.0585,-81.5390192838662
-0.176260930040945,-79.0616829440292,0.05855,-79.0153284599331
-0.169815978831912,-76.5247746394161,0.0586,-76.4721417860343
-0.163322335131438,-73.9743502324659,0.05865,-73.9100867554271
-0.156777867942377,-71.4135294889267,0.0587,-71.3297955168539
-0.150180251562492,-68.8433330963366,0.05875,-68.7319047185669
-0.143531824942477,-66.2544965917651,0.0588,-66.1170553512482
-0.136836072500576,-63.6436597602157,0.05885,-63.4858925898524
-0.130094495606933,-61.0151544336186,0.0589,-60.8390656344197
-0.123313597274911,-58.3602815759898,0.05895,-58.1772275498969
-0.116496988073323,-55.6846061347448,0.059,-55.5010351050001
-0.10964827646746,-52.9901097723564,0.05905,-52.8111486101709
-0.102771657795162,-50.27684090385,0.0591,-50.1082317546524
-0.0958686780910554,-47.5511161128419,0.05915,-47.3929514427339
-0.0889396348803247,-44.8171940067456,0.0592,-44.6659776292036
-0.0819880248349824,-42.0696895816379,0.05925,-41.9279831540439
-0.0750142301510444,-39.3146795733549,0.0593,-39.1796435764229
-0.0680191561750245,-36.5525964469372,0.05935,-36.4216370080071
-0.0610054500141656,-33.7803816959023,0.0594,-33.6546439456487
-0.0539753124115706,-30.9990250159884,0.05945,-30.8793471034814
-0.0469302718030184,-28.2106952586051,0.0595,-28.0964312444739
-0.0398724029727578,-25.4152055993038,0.05955,-25.3065830114727
-0.032802772841857,-22.615155574532,0.0596,-22.510490757784
-0.0257246900939674,-19.8069247915101,0.05965,-19.7088443773332
-0.018641515662946,-16.990480930474,0.0597,-16.9023351344414
-0.011553521831338,-14.1728786244997,0.05975,-14.0916554932702
-0.00446318151427827,-11.3513098167936,0.0598,-11.277498946964
0.00262768006867997,-8.52717937417365,0.05985,-8.4605598465415
0.0097187852559304,-5.70444576838037,0.0599,-5.64153322957558
0.0168080631354663,-2.8805344841291,0.05995,-2.8211146487007
0.0238929393641593,-0.0545068027568401,0.06,5.06113872238797e-13
