0,0,0,0
0.00191832813204629,-1.08693786858261,5e-05,2.82111464870106
0.0059117647850943,-2.94819272568474,0.0001,5.6415332295758
0.0119263435176431,-4.54825071867674,0.00015,8.46055984654222
0.0194480238756206,-4.78299433556457,0.0002,11.2774989469646
0.0276249894809257,-2.85403498931409,0.00025,14.0916554932706
0.0355254667211655,1.40766625469232,0.0003,16.9023351344416
0.0424266968999309,7.45995654579708,0.00035,19.7088443773333
0.0480633823254438,14.1618093266296,0.0004,22.5104907577847
0.0527222940697386,20.1439961625141,0.00045,25.3065830114732
0.0571591963418011,24.2512293774526,0.0005,28.0964312444742
0.0623494268759501,25.9463559598384,0.00055,30.8793471034816
0.0691459815155568,25.5321824237204,0.0006,33.6546439456488
0.0779568618069035,24.0993678036283,0.00065,36.4216370080076
0.0885644541523051,23.1787302290627,0.0007,39.1796435764233
0.100152593104013,24.2288714467804,0.00075,41.9279831540442
0.111541037286531,28.1269828628487,0.0008,44.6659776292037
0.121558964984895,34.8312741506864,0.00085,47.3929514427345
0.129448306339167,43.3173900004455,0.0009,50.1082317546528
0.135140852554509,51.885438302814,0.00095,52.8111486101713
0.139317430288452,58.7006761987247,0.001,55.5010351050003
0.143213182506944,62.4153229685496,0.00105,58.177227549897
0.148215834005527,62.6705685542982,0.0011,60.8390656344203
0.155386537683315,60.2819899966072,0.00115,63.4858925898527
0.165069084713778,57.0193616629032,0.0012,66.1170553512485
0.176724987916087,55.0478880701362,0.00125,68.731904718567
0.189059511413283,56.2114517529523,0.0013,71.3297955168538
0.200427779652209,61.3545537501106,0.00135,73.9100867554275
0.209381006766357,69.9784848499689,0.0014,76.4721417860346
0.215181346306765,80.3277704152967,0.00145,79.0153284599333
0.218099835368062,89.9257175649324,0.0015,81.5390192838662
0.219384007670688,96.3875669966464,0.00155,84.0425915748853
0.220883897087582,98.2553459141105,0.0016,86.5254276139897
0.224447809343417,95.5576768671659,0.00165,88.986914798538
0.231275681242973,89.903155943126,0.0017,91.4264457933996
0.241466174880486,84.003868573337,0.00175,93.8434186808049
0.253917100055063,80.8020740608604,0.0018,96.23723710886
0.266632246117462,82.4725726530883,0.00185,98.6073104386872
0.277363179345153,89.6106571231251,0.0019,100.953053890156
0.284374370144124,100.934798573007,0.00195,103.273888686171
0.287080725761011,113.610614228458,0.002,105.569242195473
0.286318285291323,124.152554465334,0.00205,107.83854807393
0.284144190567551,129.583839430412,0.0021,110.081246404272
0.283194525265158,128.511815005633,0.00215,112.296783834245
0.285805765240628,121.702144801277,0.0022,114.48461371314
0.293185390690113,111.946344578833,0.00225,116.644196226671
0.304923084513967,103.218173648,0.0023,118.774998530168
0.31903775383196,99.3583355642015,0.00235,120.876494880046
0.332568445834805,102.740757788216,0.0024,122.948166763526
0.342547265021521,113.348497819544,0.00245,124.98950302657
0.347028016970338,128.644763157514,0.0025,127
0.345823255642011,144.300991295509,0.00255,128.979161623772
0.340679487542238,155.582579332617,0.0026,130.92649956937
0.334786662275898,158.97687906826,0.00265,132.841533360295
0.331756894584588,153.48797150011,0.0027,134.723790490613
0.334398477666251,141.127249925263,0.00275,136.572806541544
0.343686970840784,126.411862823235,0.0028,138.388125296042
0.35831914548431,114.932000550592,0.00285,140.169298851371
0.375026447110343,111.481882134901,0.0029,141.915887729605
0.389591874472393,118.343858793164,0.00295,143.627460986076
0.398255889153997,134.347112770893,0.003,145.303596315692
0.399041139245365,155.080720745501,0.00305,146.943880157141
0.392547254688703,174.212984422159,0.0031,148.547907794931
0.381922047465317,185.523608370656,0.00315,150.115283459241
0.37192052469302,185.116549806174,0.0032,151.645620423582
0.367333642481064,172.952870600437,0.00325,153.138541100205
0.371327964135567,153.06466887068,0.0033,154.593677133273
0.384249080843378,132.394729174298,0.00335,156.010669489743
0.403333005820431,118.55905041601,0.0034,157.389168547954
0.423474360086055,117.253976734624,0.00345,158.728834183891
0.438860609909086,130.150215987215,0.0035,160.029335855103
0.444930438175933,154.108649656283,0.00355,161.290352682263
0.440022070949324,181.972114283072,0.0036,162.511573528339
0.42615459708519,204.722828770938,0.00365,163.692697075359
0.40850750873061,214.634032648711,0.0037,164.833431898762
0.393849377609126,207.891118745303,0.00375,165.9334965393
0.388415110773635,185.937471847098,0.0038,166.992619572483
0.395548800880545,155.863729234686,0.00385,168.01053967555
0.414398210485371,127.983178899271,0.0039,168.987005691949
0.439954401147913,112.4591709977,0.00395,169.921776693299
0.464541033165162,115.761234339095,0.004,170.814622038845
0.480308065393043,138.218586276088,0.00405,171.665321432357
0.48191387653332,173.583600400318,0.0041,172.473664976489
0.468548870651074,210.705424939386,0.00415,173.239453224566
0.444536922174423,237.030331115137,0.0042,173.962497229798
0.418177741175793,242.895348956056,0.00425,174.642618591895
0.39909462713174,225.156827363869,0.0043,175.279649501089
0.394897755843077,188.824258188511,0.00435,175.873432779533
0.408459627155075,145.596009054916,0.0044,176.42382192009
0.436617278025738,110.275410058512,0.00445,176.930681122474
0.470903601301038,95.8061179915258,0.0045,177.393885326762
0.500177736932774,108.635991141844,0.00455,177.813320244248
0.514291699342292,146.185979158471,0.0046,178.188882385641
0.507632085059926,197.216748517494,0.00465,178.520479086602
0.481413659940726,244.976093026483,0.0047,178.808028530609
0.443725386713161,272.680861363426,0.00475,179.051459769137
0.407165717391781,269.405231610519,0.0048,179.250712739172
0.384710739448388,234.363374451974,0.00485,179.405738278025
0.385166461786323,177.88689975699,0.0049,179.516498135463
0.409919458095122,118.261204556231,0.00495,179.582964983149
0.451938881965953,76.0805427384986,0.005,179.605122421383
0.497689981284582,67.1688203057704,0.00505,179.582964983149
0.53146540897124,96.6918506509221,0.0051,179.516498135463
0.540647422164954,156.877455165991,0.00515,179.405738278025
0.52028079343895,228.820189808276,0.0052,179.250712739172
0.475346982351969,288.178886472854,0.00525,179.051459769137
0.41971209163143,313.304884707475,0.0053,178.808028530609
0.37187484821751,293.039248154173,0.00535,178.520479086602
0.348693116543191,231.56457256755,0.0054,178.188882385641
0.359552264348754,147.412434892841,0.00545,177.813320244248
0.402572492280959,68.2388765316423,0.0055,177.393885326762
0.464481836542893,21.8590672621713,0.00555,176.930681122474
0.524517454316427,26.4361528586632,0.0056,176.42382192009
0.561210460144054,83.4627344894395,0.00565,175.873432779533
0.559718786023328,176.43432448391,0.0057,175.279649501089
0.517462391701456,275.193092284872,0.00575,174.642618591895
0.445885016320783,345.441976789868,0.0058,173.962497229798
0.367424632749524,360.455793668411,0.00585,173.239453224566
0.308396612347114,311.019519442192,0.0059,172.473664976489
0.289955692378795,210.01941253181,0.00595,171.665321432357
0.320529039375607,88.8861989214669,0.006,170.814622038845
0.391983693253163,-11.8008478552158,0.00605,169.921776693299
0.481312851621087,-55.7980468636079,0.0061,168.987005691949
0.557732015059382,-24.3468925833045,0.00615,168.01053967555
0.592900201816187,76.2094116080497,0.0062,166.992619572483
0.570859319565113,215.208912158019,0.00625,165.9334965393
0.494492104952758,346.417595927923,0.0063,164.833431898762
0.385820716849562,423.103016504338,0.00635,163.692697075359
0.279621263851964,414.363595662291,0.0064,162.511573528339
0.212008112198177,317.29493515381,0.00645,161.290352682263
0.20808318845858,159.315081746903,0.0065,160.029335855103
0.272419376494252,-9.08464604259772,0.00655,158.72883418389
0.386041993411191,-130.304247515491,0.0066,157.389168547954
0.511422863434217,-159.241037998506,0.00665,156.010669489743
0.604414943983651,-80.138199695374,0.0067,154.593677133273
0.629163178785914,86.1826859704894,0.00675,153.138541100205
0.571110445057248,287.194404494964,0.0068,151.645620423582
0.443583923110382,454.583967675494,0.00685,150.115283459241
0.285068215002325,527.040760921387,0.0069,148.54790779493
0.147462608457975,472.241289360856,0.00695,146.943880157141
0.0787453019424156,300.348627789066,0.007,145.303596315692
0.106125415760105,62.7737214509682,0.00705,143.627460986076
0.22511962989431,-162.684381857689,0.0071,141.915887729605
0.398930247289963,-297.111638259538,0.00715,140.169298851371
0.569053447686763,-287.922438761418,0.0072,138.388125296042
0.674340848659287,-129.322586571368,0.00725,136.572806541544
0.672048858437892,132.915516146135,0.0073,134.723790490613
0.554012289907823,413.748703535945,0.00735,132.841533360295
0.35190746780232,615.723419488632,0.0074,130.92649956937
0.128935732681284,662.191308887987,0.00745,128.979161623772
-0.0401720575089648,525.714497199771,0.0075,127
-0.0945278810494572,241.00711549103,0.00755,124.98950302657
-0.00912523657291575,-103.425420220574,0.0076,122.948166763526
0.193972345419404,-392.228741642661,0.00765,120.876494880046
0.450100864167318,-521.563289880379,0.0077,118.774998530168
0.67164851186318,-436.142612024876,0.00775,116.644196226671
0.777115798878584,-151.9625929118,0.0078,114.48461371314
0.719847746356221,244.763508917205,0.00785,112.296783834245
0.506786140057193,622.499826906428,0.0079,110.081246404272
0.199762375959685,847.207762430114,0.00795,107.83854807393
-0.102356701788247,829.125474603633,0.008,105.569242195473
-0.295847828115058,557.514203747792,0.00805,103.273888686171
-0.307885682633954,109.200781097247,0.0081,100.953053890156
-0.124000955163337,-372.258936877547,0.00815,98.6073104386871
0.202956056528267,-722.120341414722,0.0082,96.2372371088599
0.566604754093774,-810.223422052095,0.00825,93.8434186808049
0.840467393226363,-588.77832867136,0.0083,91.4264457933996
0.920727346598051,-114.73214142038,0.00835,88.986914798538
0.763956277389278,463.025829785881,0.0084,86.5254276139896
0.406520049070592,948.991498115448,0.00845,84.0425915748853
-0.0426153549400601,1166.20238949139,0.0085,81.5390192838661
-0.435063230917313,1019.61079055255,0.00855,79.0153284599332
-0.632386298847306,535.238683506984,0.0086,76.4721417860346
-0.554935359478784,-141.481075615042,0.00865,73.9100867554275
-0.21342436907148,-788.608054124177,0.0087,71.3297955168538
0.288784977434654,-1179.76297871798,0.00875,68.731904718567
0.785229424570209,-1162.07021894605,0.0088,66.1170553512484
1.10004372789804,-714.649269083034,0.00885,63.4858925898527
1.1117757950066,28.594773620333,0.0089,60.8390656344202
0.799013863598105,821.607395036546,0.00895,58.177227549897
0.247929603210177,1398.34406791935,0.009,55.5010351050002
-0.369105304063121,1549.34756988221,0.00905,52.8111486101712
-0.844404918045652,1191.93893900079,0.0091,50.1082317546528
-1.00501486541775,413.835293933294,0.00915,47.3929514427345
-0.778581459519262,-538.210445481957,0.0092,44.6659776292037
-0.220442694073105,-1349.33134423464,0.00925,41.9279831540441
0.494292448715207,-1728.29884404727,0.0093,39.1796435764233
1.12406136950285,-1514.84642593537,0.00935,36.4216370080076
1.44429074840945,-751.977883589207,0.0094,33.6546439456488
1.33584984317021,303.61979019043,0.00945,30.8793471034816
0.823568212655982,1294.75632682486,0.0095,28.0964312444743
0.0583354855332053,1905.0903903617,0.00955,25.3065830114732
-0.718238403662097,1917.27330908855,0.0096,22.5104907577846
-1.24143113230744,1282.82999008922,0.00965,19.7088443773333
-1.32681773642497,196.998097727023,0.0097,16.9023351344416
-0.936631883648103,-978.587511060086,0.00975,14.0916554932706
-0.185070965233612,-1864.4129319665,0.0098,11.2774989469646
0.689174632577145,-2157.41090166462,0.00985,8.46055984654211
1.38647023340123,-1716.45501159271,0.0099,5.64153322957579
1.66063592598703,-671.057707403109,0.00995,2.82111464870107
1.41359065117353,616.367605805009,0.01,2.19952838283815e-14
0.71697380499704,1720.49542541074,0.01005,-2.82111464870102
-0.218298007574957,2293.3497064977,0.0101,-5.64153322957591
-1.09262650058597,2125.49026187101,0.01015,-8.46055984654231
-1.60912368369119,1231.33913074439,0.0102,-11.2774989469646
-1.59227456835009,-94.0283182682882,0.01025,-14.0916554932707
-1.05053198758023,-1396.4568111805,0.0103,-16.9023351344417
-0.15281104771784,-2269.67410594049,0.01035,-19.7088443773333
0.813681616314148,-2427.18693990438,0.0104,-22.5104907577847
1.51546439323716,-1768.3683929766,0.01045,-25.3065830114733
1.70465276776125,-500.548248158734,0.0105,-28.0964312444743
1.3127922610802,935.900433083166,0.01055,-30.8793471034816
0.456288777531283,2075.51230926631,0.0106,-33.6546439456488
-0.600510210144067,2552.60253783633,0.01065,-36.4216370080076
-1.51025632891954,2174.33108769056,0.0107,-39.1796435764234
-1.96969698641615,1049.52100333724,0.01075,-41.9279831540443
-1.83615221221683,-428.822214666672,0.0108,-44.6659776292037
-1.16485062768704,-1765.54824091304,0.01085,-47.3929514427346
-0.171591648646908,-2554.27279327943,0.0109,-50.1082317546528
0.824716929631086,-2546.82466852138,0.01095,-52.8111486101712
1.4816839149706,-1700.84776481433,0.011,-55.5010351050003
1.56592737205914,-283.119794307584,0.01105,-58.177227549897
1.04121796106407,1221.62920287621,0.0111,-60.8390656344203
0.061731229466033,2333.83774848328,0.01115,-63.4858925898527
-1.06476601448382,2679.77503229297,0.0112,-66.1170553512485
-1.95992805697227,2096.93237814444,0.01125,-68.7319047185671
-2.32852925199822,783.597468234216,0.0113,-71.3297955168539
-2.06991880547023,-783.02487996017,0.01135,-73.9100867554275
-1.28624911851512,-2089.06759521499,0.0114,-76.4721417860346
-0.232293906827429,-2748.43221093586,0.01145,-79.0153284599333
0.755409498681655,-2566.19685313564,0.0115,-81.5390192838662
1.34188353689604,-1563.33498932951,0.01155,-84.0425915748854
1.31758666023508,-50.2434473584816,0.0116,-86.5254276139897
0.67804206677164,1468.30893051208,0.01165,-88.986914798538
-0.38135828904641,2495.00719868577,0.0117,-91.4264457933996
-1.51423015076825,2664.43910886457,0.01175,-93.8434186808049
-2.34136689265031,1898.15282720403,0.0118,-96.23723710886
-2.60118708477689,480.132669447543,0.01185,-98.6073104386873
-2.23425085985414,-1086.64851901656,0.0119,-100.953053890157
-1.38029585192108,-2297.64571487697,0.01195,-103.273888686171
-0.316593712440182,-2805.09453845907,0.012,-105.569242195473
0.621228897375437,-2472.13015593249,0.01205,-107.83854807393
1.12142252741875,-1375.45098030585,0.0121,-110.081246404272
1.00377611789407,155.744076747342,0.01215,-112.296783834245
0.28915323688724,1626.19693176996,0.0122,-114.48461371314
-0.79692062774345,2534.65670616709,0.01225,-116.644196226671
-1.88390640703516,2531.55045864857,0.0123,-118.774998530168
-2.60741023974903,1623.99869651724,0.01235,-120.876494880046
-2.74719568355745,163.329254800049,0.0124,-122.948166763526
-2.2845212752689,-1342.95512327558,0.01245,-124.98950302657
-1.38873642839846,-2418.52407029531,0.0125,-127
-0.347349091075229,-2764.78023030132,0.01255,-128.979161623772
0.51560529174539,-2299.68173881696,0.0126,-130.92649956937
0.91842997802565,-1145.47995067188,0.01265,-132.841533360295
0.716395692783605,354.1114008725,0.0127,-134.723790490613
-0.0358300041912727,1710.22819621023,0.01275,-136.572806541544
-1.08966809046386,2449.81220351635,0.0128,-138.388125296043
-2.08078454453243,2291.30504040366,0.01285,-140.169298851371
-2.6756167909595,1303.26344365364,0.0129,-141.915887729605
-2.69779921590976,-130.153730106923,0.01295,-143.627460986076
-2.16396729573077,-1519.61839507934,0.013,-145.303596315692
-1.26125796149217,-2433.45536881204,0.01305,-146.943880157141
-0.273371344753838,-2627.80921711233,0.0131,-148.547907794931
0.495652638306074,-2062.74289976527,0.01315,-150.115283459241
0.795760052050054,-888.483990200331,0.0132,-151.645620423582
0.519563276095037,539.651469443059,0.01325,-153.138541100205
-0.248677910343299,1752.22385571285,0.0133,-154.593677133273
-1.24947727978104,2322.18677128327,0.01335,-156.010669489743
-2.13615858888384,2035.98481362363,0.0134,-157.389168547954
-2.61250341930181,1011.7722530965,0.01345,-158.728834183891
-2.53948143836833,-363.186361480608,0.0135,-160.029335855103
-1.96052897464082,-1626.37498437511,0.01355,-161.290352682263
-1.07158475366765,-2391.78820170678,0.0136,-162.511573528339
-0.146005151501408,-2464.08211944705,0.01365,-163.692697075359
0.532800175377945,-1831.26239518518,0.0137,-164.833431898762
0.741502327139341,-657.551069228294,0.01375,-165.9334965393
0.40286986907987,696.519359920996,0.0138,-166.992619572483
-0.376749688505265,1781.59804978992,0.01385,-168.01053967555
-1.3321765841364,2210.93876814007,0.0139,-168.987005691949
-2.13296179624277,1823.63016438927,0.01395,-169.921776693299
-2.51346047543727,773.959586920684,0.014,-170.814622038845
-2.36495891426822,-549.616988866389,0.01405,-171.665321432357
-1.75217004995749,-1707.58196730971,0.0141,-172.473664976489
-0.877404030466392,-2351.74641333673,0.01415,-173.239453224566
-0.00780611248410956,-2320.12845872245,0.0142,-173.962497229798
0.586692093402705,-1620.38846620077,0.01425,-174.642618591895
0.70695112687674,-439.751093307643,0.0143,-175.279649501089
0.30356397602155,853.493333363255,0.01435,-175.873432779533
-0.495494406085661,1825.4585283259,0.0144,-176.42382192009
-1.41766500795782,2124.43249990146,0.01445,-176.930681122474
-2.1454317808331,1638.19086182756,0.0145,-177.393885326762
-2.44026219158551,556.613097745523,0.01455,-177.813320244248
-2.22144819699091,-727.86879916915,0.0146,-178.188882385641
-1.57439433586949,-1794.35997714866,0.01465,-178.520479086602
-0.708950644903154,-2328.04609139619,0.0147,-178.808028530609
0.109443680021453,-2192.90561253119,0.01475,-179.051459769137
0.622479225931665,-1420.97852249291,0.0148,-179.250712739172
0.655225782921115,-227.509489962819,0.01485,-179.405738278025
0.186474976059136,1009.79659308987,0.0149,-179.516498135463
-0.63321887865204,1871.10967905049,0.01495,-179.582964983149
-1.52192933555624,2037.54144810992,0.015,-179.605122421383
-2.17500491462587,1449.3600363617,0.01505,-179.582964983149
-2.38164856788377,334.176451467882,0.0151,-179.516498135463
-2.08985001508813,-911.161267980355,0.01515,-179.405738278025
-1.40632812069346,-1884.55327032167,0.0152,-179.250712739172
-0.548839435390283,-2305.21067136538,0.01525,-179.051459769137
0.21910863712993,-2064.4527361344,0.0153,-178.808028530609
0.65146410224717,-1219.75101195681,0.01535,-178.520479086602
0.598102590717119,-14.3851020980671,0.0154,-178.188882385641
0.0663851106083633,1165.07776425937,0.01545,-177.813320244248
-0.77057488075139,1913.81892406855,0.0155,-177.393885326762
-1.62243395905198,1947.83968849244,0.01555,-176.930681122474
-2.1976566126269,1258.7170404893,0.0156,-176.42382192009
-2.3133753411797,111.41119764719,0.01565,-175.873432779533
-1.94626720937995,-1093.32877493209,0.0157,-175.279649501088
-1.22417676196609,-1972.65105014799,0.01575,-174.642618591895
-0.372475170628828,-2280.05317800931,0.0158,-173.962497229798
0.347025856486372,-1933.11976687018,0.01585,-173.239453224566
0.699911947355345,-1013.80099102535,0.0159,-172.473664976489
0.560553118661623,206.050565746847,0.01595,-171.665321432357
-0.0351130499262129,1330.21394411201,0.016,-170.814622038845
-0.891061840327068,1968.04117775505,0.01605,-169.921776693299
-1.70797815260755,1869.91611946277,0.0161,-168.987005691949
-2.20623336580802,1077.38807135521,0.01615,-168.01053967555
-2.22972870173349,-107.203747555003,0.0162,-166.992619572483
-1.78349652327,-1277.34788987918,0.01625,-165.9334965393
-1.01694737785565,-2067.48371808163,0.0163,-164.833431898762
-0.164073066604045,-2263.96453904143,0.01635,-163.692697075359
0.512764310660452,-1808.01862584734,0.0164,-162.511573528339
0.788114961539611,-805.059810654709,0.01645,-161.290352682263
0.559514682897034,441.543653312434,0.0165,-160.029335855103
-0.108133126115936,1521.69184195484,0.01655,-158.72883418389
-0.993785757392687,2054.71807583995,0.0166,-157.389168547954
-1.78829390030085,1827.50022886054,0.01665,-156.010669489743
-2.21863484534438,923.086955435289,0.0167,-154.593677133273
-2.152436391401,-314.994971614321,0.01675,-153.138541100205
-1.62231393397586,-1468.6879349049,0.0168,-151.645620423582
-0.800784954292438,-2183.85990575106,0.01685,-150.115283459241
0.0610568782506364,-2264.78269305157,0.0169,-148.54790779493
0.692232783797675,-1675.68508954318,0.01695,-146.943880157141
0.87840620285154,-567.354015934091,0.017,-145.303596315692
0.544319444450456,717.715684457977,0.01705,-143.627460986076
-0.21023049890028,1750.97084044386,0.0171,-141.915887729605
-1.13335468861978,2162.02400857652,0.01715,-140.169298851371
-1.90445267957713,1783.76983319384,0.0172,-138.388125296042
-2.26142851729258,754.846689515816,0.01725,-136.572806541544
-2.09713508428564,-543.850517256531,0.0173,-134.723790490613
-1.47462929575604,-1680.97467985551,0.01735,-132.841533360295
-0.592126798851802,-2314.50864387767,0.0174,-130.92649956937
0.279632122053275,-2267.26872806331,0.01745,-128.979161623772
0.861921265479871,-1533.91944254952,0.0175,-127
0.953494526409164,-314.109113912965,0.01755,-124.98950302657
0.509117628558044,1008.52076830741,0.0176,-122.948166763526
-0.333798951325897,1987.23898581086,0.01765,-120.876494880046
-1.29087290881501,2264.59149454174,0.0177,-118.774998530168
-2.03065604839603,1724.80111497946,0.01775,-116.644196226671
-2.30472291234161,567.325449298285,0.0178,-114.48461371314
-2.03361825393681,-789.607804101225,0.01785,-112.296783834245
-1.31285139716685,-1902.69833065181,0.0179,-110.081246404272
-0.367246956168317,-2444.84015262068,0.01795,-107.83854807393
0.512642449602295,-2259.55249016879,0.018,-105.569242195473
1.04103638685733,-1374.07692778376,0.01805,-103.273888686171
1.03303571296412,-42.4002081855109,0.0181,-100.953053890156
0.477492156418454,1308.53779043138,0.01815,-98.6073104386872
-0.4493591858986,2219.85337825411,0.0182,-96.23723710886
-1.43206366689483,2353.68709717422,0.01825,-93.8434186808048
-2.13053625088,1648.19566226879,0.0183,-91.4264457933996
-2.3122902091389,363.883440744557,0.01835,-88.9869147985379
-1.92747872736049,-1044.73237055536,0.0184,-86.5254276139897
-1.10499796776676,-2124.88658980925,0.01845,-84.0425915748852
-0.0960318139989833,-2567.38615172272,0.0185,-81.5390192838661
0.788802716637322,-2235.92446125276,0.01855,-79.0153284599332
1.25637838895465,-1190.13383349886,0.0186,-76.4721417860346
1.14499802869445,247.130601389033,0.01865,-73.9100867554274
0.484707716615546,1603.42375005155,0.0187,-71.3297955168538
-0.511780057958028,2427.61608135555,0.01875,-68.731904718567
-1.50389167634658,2412.1367140327,0.0188,-66.1170553512485
-2.14807481670244,1548.51663400556,0.01885,-63.4858925898526
-2.23007039941557,151.504345725166,0.0189,-60.8390656344203
-1.73025629708865,-1293.12311568585,0.01895,-58.1772275498968
-0.809538916011894,-2328.18631883831,0.019,-55.5010351050003
0.252243171243262,-2655.6037746166,0.01905,-52.8111486101711
1.1213399833078,-2156.65577295927,0.0191,-50.1082317546527
1.50627332026277,-947.84345699667,0.01915,-47.3929514427345
1.27792808570288,575.121140918496,0.0192,-44.6659776292036
0.511222592563126,1906.60109784045,0.01925,-41.9279831540442
-0.545290712747817,2614.8472623338,0.0193,-39.1796435764233
-1.53143904634913,2434.50940745728,0.01935,-36.4216370080074
-2.10569610385206,1411.73565608156,0.0194,-33.6546439456488
-2.07648785529072,-87.2779808437848,0.01945,-30.8793471034815
-1.45731577947634,-1549.89985196666,0.0195,-28.0964312444743
-0.441509535377011,-2520.84110424101,0.01955,-25.3065830114731
0.658292260188703,-2706.71334908972,0.0196,-22.5104907577847
1.48515537614323,-2014.03739657369,0.01965,-19.7088443773333
1.76422062679433,-648.131368156232,0.0197,-16.9023351344414
1.4114041311376,923.878112617652,0.01975,-14.0916554932706
0.546510846375573,2190.66555573639,0.0198,-11.2774989469646
-0.550104067979309,2753.21970218328,0.01985,-8.46055984654221
-1.50691675767415,2398.73435252749,0.0199,-5.64153322957581
-1.99258924577246,1228.361922253,0.01995,-2.82111464870093
-1.84342963882143,-347.526817625894,0.02,-4.39905676567631e-14
-1.10784756851915,-1798.53963273399,0.02005,2.82111464870116
-0.00955909905040508,-2680.96076325246,0.0201,5.64153322957573
1.10869505127862,-2708.83982336465,0.02015,8.46055984654229
1.87385654073726,-1822.81424555174,0.0202,11.2774989469648
2.03564294774357,-319.380121557179,0.02025,14.0916554932706
1.55752888098808,1274.75871127604,0.0203,16.9023351344418
0.603527891616793,2451.68557277026,0.02035,19.7088443773333
-0.518623381749053,2854.26254503918,0.0204,22.5104907577848
-1.43288620128575,2328.09476785447,0.02045,25.3065830114732
-1.82308057042148,1025.53707166376,0.0205,28.0964312444743
-1.55505449904879,-607.097232283306,0.02055,30.8793471034817
-0.711342372816458,-2028.38896315278,0.0206,33.6546439456488
0.448891918785055,-2795.36053959836,0.02065,36.4216370080077
1.55064381633913,-2634.01787674309,0.0207,39.1796435764234
2.22728180781976,-1570.52829291186,0.02075,41.9279831540442
2.26869803172903,15.3633405124061,0.0208,44.6659776292039
1.68267902303594,1579.61993203715,0.02085,47.3929514427345
0.669933516201291,2633.76567986034,0.0209,50.108231754653
-0.445639829860464,2871.74768171737,0.02095,52.8111486101712
-1.29558399044929,2199.2430613687,0.021,55.5010351050004
-1.5861524554362,808.415447379867,0.02105,58.177227549897
-1.21272474980338,-836.504433595365,0.0211,60.8390656344203
-0.286677476894115,-2197.05795476806,0.02115,63.4858925898528
0.901089702340493,-2829.456421973,0.0212,66.1170553512485
1.95134653992958,-2479.45059572666,0.02125,68.7319047185671
2.51458877022536,-1264.3205629951,0.0213,71.3297955168538
2.42662727551386,363.615158456451,0.02135,73.9100867554275
1.73982260560041,1856.96450573615,0.0214,76.4721417860348
0.686740068779492,2759.60928324446,0.02145,79.0153284599332
-0.398958835463546,2821.29153848112,0.0215,81.5390192838663
-1.16372900422877,2009.43146890414,0.02155,84.0425915748853
-1.34310508341327,554.149555566332,0.0216,86.5254276139897
-0.865927137106992,-1069.7305479206,0.02165,88.9869147985382
0.12493279647891,-2331.20536915805,0.0217,91.4264457933996
1.30865235603083,-2795.8818428857,0.02175,93.8434186808051
2.28366869991977,-2271.65325358174,0.0218,96.23723710886
2.73230909781298,-956.863882385005,0.02185,98.6073104386873
2.53251177933354,665.403884456935,0.0219,100.953053890156
1.77379324418977,2058.97861845155,0.02195,103.273888686171
0.710240198248269,2807.46042587146,0.022,105.569242195473
-0.32469752733706,2715.3264021281,0.02205,107.83854807393
-0.998899467591879,1802.93034583143,0.0221,110.081246404272
-1.07864688159484,325.480921733869,0.02215,112.296783834245
-0.521500318964828,-1246.75274833599,0.0222,114.48461371314
0.499123503747638,-2384.47017431709,0.02225,116.644196226671
1.63993967406667,-2674.53172705184,0.0223,118.774998530168
2.51335638925126,-2005.99194584906,0.02235,120.876494880046
2.84186645187518,-643.123278236366,0.0224,122.948166763526
2.54391640851262,924.551067822305,0.02245,124.98950302657
1.73919236971535,2187.18108420958,0.0225,127
0.693075912484079,2776.26548118155,0.02255,128.979161623772
-0.269881480854198,2547.71693912414,0.0226,130.92649956937
-0.844348455334548,1566.05372628345,0.02265,132.841533360295
-0.832346504200583,108.390755628685,0.0227,134.723790490613
-0.226409368285942,-1358.219910705,0.02275,136.572806541544
0.777080885834798,-2334.8609083313,0.0228,138.388125296042
1.83165355538999,-2457.54646593787,0.02285,140.169298851371
2.57736971744376,-1687.29032498602,0.0229,141.915887729605
2.78138359234366,-331.734322762696,0.02295,143.627460986076
2.40042871933608,1131.65836233452,0.023,145.303596315692
1.57618515763068,2234.42568184051,0.02305,146.943880157141
0.574297461184285,2663.16886433785,0.0231,148.547907794931
-0.296550628697306,2316.49660009801,0.02315,150.115283459241
-0.760036619268984,1290.65607803835,0.0232,151.645620423582
-0.656788789175468,-116.654411332353,0.02325,153.138541100205
-0.012888412168516,-1450.91664632114,0.0233,154.593677133273
0.957997371436664,-2253.68172512295,0.02335,156.010669489743
1.91556054030567,-2218.51779263962,0.0234,157.389168547954
2.53179682904448,-1368.1815530489,0.02345,158.728834183891
2.61723855039868,-39.7703572228683,0.0235,160.029335855103
2.1638082688002,1307.37667444581,0.02355,161.290352682263
1.33087589320642,2249.23086776336,0.0236,162.511573528339
0.380299926479899,2526.83745902206,0.02365,163.692697075359
-0.395310737499417,2072.91745222443,0.0237,164.833431898762
-0.745729642868391,1007.45621985149,0.02375,165.9334965393
-0.547985490523117,-350.856041913442,0.0238,166.992619572483
0.140429787468206,-1559.45134858606,0.02385,168.01053967555
1.08941970187885,-2197.30355322346,0.0239,168.987005691949
1.96693971725746,-2017.38685406636,0.02395,169.921776693299
2.47481701619284,-1095.71163239153,0.024,170.814622038845
2.46004391796615,212.2192804976,0.02405,171.665321432357
1.94501368647594,1461.72013297737,0.0241,172.473664976489
1.10478677192705,2266.29434965997,0.02415,173.239453224566
0.198528814515586,2413.58918956442,0.0242,173.962497229798
-0.494042861634544,1864.96000664293,0.02425,174.642618591895
-0.744269724692397,760.933598578572,0.0243,175.279649501089
-0.459787615269181,-561.237542701953,0.02435,175.873432779533
0.273798337082992,-1665.41735501101,0.0244,176.42382192009
1.21055108814474,-2160.97843484976,0.02445,176.930681122474
2.02512451480269,-1854.57800478031,0.0245,177.393885326762
2.44471253154827,-868.827118130467,0.02455,177.813320244248
2.34661460169237,426.303065884968,0.0246,178.188882385641
1.779268459572,1597.03274124208,0.02465,178.520479086602
0.931726222036421,2287.47607807632,0.0247,178.808028530609
0.0639550701188889,2319.80445189609,0.02475,179.051459769137
-0.554113815737744,1683.13491945087,0.0248,179.250712739172
-0.714681144213901,543.806611723418,0.02485,179.405738278025
-0.353744403404712,-744.341525675116,0.0249,179.516498135463
0.417257212843585,-1751.69013211094,0.02495,179.582964983149
1.3381281763704,-2116.26498821779,0.025,179.605122421383
1.82413740923227,-1152.57121994778,0.02505,179.582964983149
1.93544190976833,-134.860108414497,0.0251,179.516498135463
1.76259429519623,644.28227929547,0.02515,179.405738278025
1.43481989300624,1068.89879865369,0.0252,179.250712739172
1.07207844569579,1159.40988881902,0.02525,179.051459769137
0.756981423610628,1016.45462700227,0.0253,178.808028530609
0.534018651067878,750.233081474916,0.02535,178.520479086602
0.416295025426103,452.014540567324,0.0254,178.188882385641
0.390024715821412,194.819391996403,0.02545,177.813320244248
0.424366438263528,23.8145604639949,0.0255,177.393885326762
0.483101979387235,-47.4058321439235,0.02555,176.930681122474
0.534710524297816,-32.2393052310619,0.0256,176.42382192009
0.558841024052599,38.7662462815275,0.02565,175.873432779533
0.548252927012155,129.968123499705,0.0257,175.279649501088
0.507166558059351,210.407242194541,0.02575,174.642618591895
0.447264782618656,260.039926225607,0.0258,173.962497229798
0.38287902450622,271.825704811847,0.02585,173.239453224566
0.326739906891523,250.135303996302,0.0259,172.473664976488
0.287187414391159,206.780326367098,0.02595,171.665321432357
0.267091111144476,156.357649651942,0.026,170.814622038845
0.264465019223038,111.794524839784,0.02605,169.921776693299
0.274216301319999,81.3503538439056,0.0261,168.987005691949
0.289984086502779,68.1912767669275,0.02615,168.01053967555
0.305958611641174,70.6734614685748,0.0262,166.992619572483
0.318068613104564,83.9811883992393,0.02625,165.9334965393
0.324459927644834,102.060704907994,0.0263,164.833431898762
0.325339877881794,119.33378353084,0.02635,163.692697075359
0.322355871051472,131.921754152885,0.0264,162.511573528339
0.317791161222168,138.129488538585,0.02645,161.290352682263
0.313809700473365,138.294932811843,0.0265,160.029335855103
0.311928978274582,134.170713198081,0.02655,158.728834183891
0.312781509477195,128.137566293705,0.0266,157.389168547954
0.31615803376412,122.451185930295,0.02665,156.010669489743
0.321247892132634,118.714325011121,0.0267,154.593677133273
0.326970268780949,117.638578276241,0.02675,153.138541100205
0.332286926195203,119.095421943879,0.0268,151.645620423582
0.336433706981686,122.343328403986,0.02685,150.115283459241
0.339028334470521,126.358510966608,0.0269,148.547907794931
0.340061071077052,130.150069558596,0.02695,146.943880157141
0.339800737228511,132.986434408644,0.027,145.303596315692
0.338652529146517,134.517629651305,0.02705,143.627460986076
0.337029642567217,134.745043420527,0.0271,141.915887729605
0.335249097385085,133.944753734114,0.02715,140.169298851371
0.333480807425238,132.528240992632,0.0272,138.388125296042
0.331745848910679,130.908902127275,0.02725,136.572806541544
0.329952096051285,129.402051937609,0.0273,134.723790490613
0.327949021583722,128.174219366361,0.02735,132.841533360295
0.32558339268382,127.241605787516,0.0274,130.92649956937
0.322741978155234,126.505672737814,0.02745,128.979161623772
0.319374038980262,125.807835758822,0.0275,127
0.315491766986282,124.987876306875,0.02755,124.989503026569
0.311160034232127,123.916216433661,0.0276,122.948166763526
0.306470257618831,122.530098905348,0.02765,120.876494880045
0.301516914963687,120.830452832227,0.0277,118.774998530168
0.296378745594784,118.86780713114,0.02775,116.644196226671
0.291107180736199,116.721953901404,0.0278,114.48461371314
0.285728118381954,114.469316597519,0.02785,112.296783834245
0.280244227113508,112.176271038008,0.0279,110.081246404272
0.274644470021718,109.883884481003,0.02795,107.83854807393
0.268912954189315,107.60815512065,0.028,105.569242195473
0.263040168409022,105.336759852317,0.02805,103.273888686171
0.257024968585595,103.049090772483,0.0281,100.953053890157
0.25087478341336,100.723971804009,0.02815,98.6073104386871
0.244607445680887,98.3377559620098,0.0282,96.2372371088598
0.238244464831351,95.8815712696702,0.02825,93.8434186808049
0.231806114102288,93.359777191421,0.0283,91.4264457933995
0.225312091051164,90.7775083598543,0.02835,88.986914798538
0.218776287885001,88.1504026264282,0.0284,86.5254276139896
0.212205452761555,85.4977572459276,0.02845,84.0425915748851
0.205604096554951,82.8283587630605,0.0285,81.5390192838661
0.198972786073223,80.1520852793962,0.02855,79.0153284599331
0.192309055135323,77.4765783835405,0.0286,76.4721417860346
0.185613073339341,74.7970981529563,0.02865,73.9100867554273
0.178885362964449,72.1116849108541,0.0287,71.3297955168538
0.172125044570351,69.422614864978,0.02875,68.7319047185669
0.165332436440467,66.727526207591,0.0288,66.1170553512482
0.158507093335179,64.0274156882307,0.02885,63.4858925898526
0.151648639015967,61.3221650869349,0.0289,60.8390656344203
0.144760716062506,58.6034618305589,0.02895,58.1772275498969
0.137845642279215,55.8729784306349,0.029,55.5010351050003
0.130906000528001,53.13086923475,0.02905,52.8111486101712
0.123946329437283,50.3736063217635,0.0291,50.1082317546529
0.116970397995583,47.6028191238045,0.02915,47.3929514427345
0.109979738371568,44.8239870893506,0.0292,44.6659776292038
0.102976974921718,42.0361958547471,0.02925,41.9279831540442
0.0959624496634386,39.2443644567289,0.0293,39.1796435764232
0.088935429746015,36.4517299320805,0.02935,36.4216370080076
0.0818990711084673,33.6509592861859,0.0294,33.6546439456486
0.0748526520451094,30.8491558559696,0.02945,30.8793471034816
0.0677964499313645,28.0456656255069,0.0295,28.0964312444741
0.0607323825809898,25.2372282920368,0.02955,25.3065830114733
0.0536617901639732,22.4248842335688,0.0296,22.5104907577846
0.0465853466645139,19.6106004858854,0.02965,19.7088443773331
0.0395042038172549,16.7940999519371,0.0297,16.9023351344416
0.0324186049558961,13.977589748562,0.02975,14.0916554932704
0.0253310189750848,11.1572418724242,0.0298,11.2774989469646
0.0182439169905079,8.33296256946095,0.02985,8.46055984654208
0.0111573199335312,5.5103693575242,0.0299,5.64153322957552
0.00407425828127583,2.68466920195051,0.02995,2.82111464870095
-0.00300496400534495,-0.138761806806485,0.03,-2.53056936119398e-13
-0.0100805676247888,-2.95751061909551,0.03005,-2.82111464870114
-0.0171505424949477,-5.77541384711459,0.0301,-5.64153322957602
-0.0242130254605885,-8.59229758814379,0.03015,-8.46055984654226
-0.0312684522633761,-11.4028565839389,0.0302,-11.2774989469648
-0.0383144760627105,-14.2115101304695,0.03025,-14.0916554932706
-0.0453490307796149,-17.017854753351,0.0303,-16.9023351344418
-0.0523716380807078,-19.817947021426,0.03035,-19.7088443773333
-0.0593792416275445,-22.6159024575036,0.0304,-22.5104907577848
-0.0663703596576776,-25.4085174026331,0.03045,-25.3065830114735
-0.0733448461128809,-28.1919272648176,0.0305,-28.0964312444743
-0.080299680525256,-30.9709262768275,0.03055,-30.8793471034818
-0.0872357005930682,-33.7377987802224,0.0306,-33.6546439456488
-0.0941493915500486,-36.4997634690835,0.03065,-36.4216370080078
-0.101037920717864,-39.255957800784,0.0307,-39.1796435764234
-0.107901368917122,-41.9995452715054,0.03075,-41.9279831540444
-0.114737368666697,-44.7339329985388,0.0308,-44.665977629204
-0.121543857999722,-47.4584944597134,0.03085,-47.3929514427347
-0.128319936002926,-50.1701403867213,0.0309,-50.1082317546531
-0.135064551256862,-52.8681677681012,0.03095,-52.8111486101713
-0.141774367818406,-55.5566521617383,0.031,-55.5010351050005
-0.148449640249472,-58.2282612414224,0.03105,-58.1772275498973
-0.155087772698483,-60.8871674553034,0.0311,-60.8390656344205
-0.161685983922712,-63.5338698190045,0.03115,-63.4858925898531
-0.168245221315559,-66.1601700592798,0.0312,-66.1170553512486
-0.174762050502052,-68.7733145269061,0.03125,-68.731904718567
-0.181293695973003,-71.2503160351829,0.0313,-71.3297955168543
-0.187804897131397,-73.764551585958,0.03135,-73.9100867554278
-0.194253771816058,-76.3565200914383,0.0314,-76.4721417860347
-0.200613109552174,-78.9970733913986,0.03145,-79.0153284599335
-0.206871632952491,-81.6438613148827,0.0315,-81.5390192838663
-0.213029553478471,-84.2638494897274,0.03155,-84.0425915748855
-0.219097232473654,-86.8304250811143,0.0316,-86.5254276139897
-0.225089726443864,-89.3308585976295,0.03165,-88.9869147985382
-0.231023589820273,-91.7621668704369,0.0317,-91.4264457933999
-0.236908706612531,-94.1398920141041,0.03175,-93.8434186808051
-0.242749457160253,-96.4794963449749,0.0318,-96.23723710886
-0.248546236100705,-98.7923338397716,0.03185,-98.6073104386873
-0.254292814358406,-101.093657001084,0.0319,-100.953053890157
-0.259981172015964,-103.388586406575,0.03195,-103.273888686172
-0.2656033908769,-105.676231094146,0.032,-105.569242195473
-0.271155182506918,-107.947468644376,0.03205,-107.83854807393
-0.276631973105495,-110.200225669467,0.0321,-110.081246404272
-0.282031967030545,-112.427548418331,0.03215,-112.296783834245
-0.287356975827479,-114.620329678716,0.0322,-114.48461371314
-0.292607520109628,-116.779596394707,0.03225,-116.644196226671
-0.297784567533628,-118.90455147603,0.0323,-118.774998530168
-0.302888647937964,-120.995896768452,0.03235,-120.876494880046
-0.307921286008185,-123.051611980667,0.0324,-122.948166763525
-0.312880649022837,-125.078156585063,0.03245,-124.98950302657
-0.317764471251607,-127.077117374604,0.0325,-127
-0.322570157028808,-129.048878009863,0.03255,-128.979161623772
-0.327296935315596,-130.989170729602,0.0326,-130.92649956937
-0.331941874716561,-132.901258905923,0.03265,-132.841533360295
-0.336502762917509,-134.783658209052,0.0327,-134.723790490614
-0.340977917492847,-136.634493253985,0.03275,-136.572806541544
-0.345367792657495,-138.448641377567,0.0328,-138.388125296043
-0.34967089599157,-140.229017180652,0.03285,-140.169298851371
-0.353886113812968,-141.975030160327,0.0329,-141.915887729605
-0.3580123831918,-143.686149316197,0.03295,-143.627460986076
-0.362048672140054,-145.361908535197,0.033,-145.303596315692
-0.365995686899402,-146.998385629905,0.03305,-146.943880157141
-0.369851600048859,-148.59997056504,0.0331,-148.547907794931
-0.373614802402193,-150.166639385905,0.03315,-150.115283459241
-0.377283741360256,-151.697894509385,0.0332,-151.645620423582
-0.380857048782307,-153.192908538303,0.03325,-153.138541100205
-0.384335221505186,-154.647408031051,0.0333,-154.593677133273
-0.387716599945997,-156.064948462182,0.03335,-156.010669489743
-0.390999900835772,-157.445086942288,0.0334,-157.389168547954
-0.394183986010768,-158.787152136968,0.03345,-158.728834183891
-0.397267901431439,-160.090381610654,0.0335,-160.029335855103
-0.400250868720123,-161.354049344077,0.03355,-161.290352682263
-0.403133813114521,-162.57435678749,0.0336,-162.511573528339
-0.405915396981179,-163.755263191298,0.03365,-163.692697075359
-0.408594515414293,-164.896770990334,0.0337,-164.833431898762
-0.411170102773523,-165.998560777563,0.03375,-165.9334965393
-0.413641222558104,-167.060083764081,0.0338,-166.992619572483
-0.416007110202701,-168.080689154048,0.03385,-168.010539675551
-0.418267170274035,-169.059746755002,0.0339,-168.987005691949
-0.420420940215259,-169.996736327824,0.03395,-169.9217766933
-0.422469630934154,-170.888044907971,0.034,-170.814622038845
-0.424412029045127,-171.738074867756,0.03405,-171.665321432357
-0.426247178517164,-172.546916421306,0.0341,-172.473664976489
-0.42797418150443,-173.314286063606,0.03415,-173.239453224566
-0.429592297821824,-174.039645264178,0.0342,-173.962497229798
-0.431100987836613,-174.722353491916,0.03425,-174.642618591895
-0.432499902668889,-175.361809848192,0.0343,-175.279649501089
-0.433788837364997,-175.957551904163,0.03435,-175.873432779533
-0.43496766771253,-176.509298635354,0.0344,-176.42382192009
-0.436036290103993,-177.016941187566,0.03445,-176.930681122474
-0.436994578218243,-177.480496887047,0.0345,-177.393885326762
-0.437842362744127,-177.900046906216,0.03455,-177.813320244248
-0.438579433227622,-178.27567679119,0.0346,-178.188882385641
-0.439205556008255,-178.607433510666,0.03465,-178.520479086602
-0.439720499847894,-178.89530523674,0.0347,-178.808028530609
-0.440123708196751,-179.139941982447,0.03475,-179.051459769137
-0.440417222183316,-179.33612128271,0.0348,-179.250712739172
-0.44059978902729,-179.489905550441,0.03485,-179.405738278025
-0.440670676346934,-179.601228553283,0.0349,-179.516498135463
-0.440629354065454,-179.66958913005,0.03495,-179.582964983149
-0.440475576647194,-179.694279820904,0.035,-179.605122421383
-0.411514279638022,-238.132788692468,0.03505,-179.582964983149
-0.369207499313894,-271.821896473015,0.0351,-179.516498135463
-0.329072495097892,-267.354918016543,0.03515,-179.405738278025
-0.306676964070354,-224.617972317449,0.0352,-179.250712739172
-0.312300064428169,-156.746096204343,0.03525,-179.051459769137
-0.347098312544848,-86.2238276920943,0.0353,-178.808028530609
-0.40205879250524,-37.9306820522059,0.03535,-178.520479086602
-0.460472935748396,-30.5828514428039,0.0354,-178.188882385641
-0.503367042505704,-69.5711765131342,0.03545,-177.813320244248
-0.515796318744896,-144.757859393634,0.0355,-177.393885326762
-0.492296049995926,-232.769259652313,0.03555,-176.930681122474
-0.439415533641804,-304.17115161344,0.0356,-176.42382192009
-0.374231965645106,-333.312262321906,0.03565,-175.873432779533
-0.319078857088317,-307.551461193617,0.0357,-175.279649501089
-0.294070203771059,-232.579278165394,0.03575,-174.642618591895
-0.310008661996899,-131.440359372874,0.0358,-173.962497229798
-0.364067842459379,-37.6269656457078,0.03585,-173.239453224566
-0.439852528719456,15.7191845473068,0.0359,-172.473664976489
-0.512240201086716,7.44635809409976,0.03595,-171.665321432357
-0.555683252666721,-63.2333538227577,0.036,-170.814622038845
-0.552901372142077,-175.727945512819,0.03605,-169.921776693299
-0.501448411871037,-293.547028500581,0.0361,-168.987005691949
-0.415548113264187,-375.905438794183,0.03615,-168.01053967555
-0.322257987497343,-391.609611790085,0.0362,-166.992619572483
-0.252831967441715,-330.71140932956,0.03625,-165.9334965393
-0.232132650955363,-209.231263656202,0.0363,-164.833431898762
-0.269684324206898,-65.0380355929382,0.03635,-163.692697075359
-0.355296760099091,53.5566772970243,0.0364,-162.511573528339
-0.461297649616751,103.940941934351,0.03645,-161.290352682263
-0.551069716284807,64.5629476173826,0.0365,-160.029335855103
-0.59130840586066,-56.0687495940079,0.03655,-158.728834183891
-0.56366631487252,-220.905984616941,0.0366,-157.389168547954
-0.472135062017441,-375.093349330262,0.03665,-156.010669489743
-0.343135193536641,-463.841696002353,0.0367,-154.593677133273
-0.217832795474215,-451.439284635664,0.03675,-153.138541100205
-0.138697166248141,-335.177388796723,0.0368,-151.645620423582
-0.13488114342488,-148.170310956052,0.03685,-150.115283459241
-0.211248604615453,49.8046983336831,0.0369,-148.54790779493
-0.345017847246984,191.11293682446,0.03695,-146.943880157141
-0.491857401326396,223.353411061177,0.037,-145.303596315692
-0.600055628367017,128.965563139517,0.03705,-143.627460986076
-0.62793029476983,-66.8524837851407,0.0371,-141.915887729605
-0.558947176323104,-302.066370722212,0.03715,-140.169298851371
-0.409127117542399,-496.863657736695,0.0372,-138.388125296042
-0.22363983195897,-580.180280374488,0.03725,-136.572806541543
-0.0629975616492784,-515.061540974472,0.0373,-134.723790490613
0.0170041400671581,-313.78722440257,0.03735,-132.841533360294
-0.0151216689629943,-36.5432849846776,0.0374,-130.92649956937
-0.153887591201858,225.908909492899,0.03745,-128.979161623772
-0.35623822673035,381.813158427122,0.0375,-127
-0.554068248810974,370.453772064918,0.03755,-124.98950302657
-0.676463692996643,185.729007815984,0.0376,-122.948166763525
-0.674074811107953,-118.714829211354,0.03765,-120.876494880045
-0.537671070473126,-444.144462865476,0.0377,-118.774998530167
-0.303975880089672,-678.070052582695,0.03775,-116.644196226671
-0.0459812432187701,-732.293016429504,0.0378,-114.48461371314
0.150044801739157,-575.270573546883,0.03785,-112.296783834245
0.213671020133373,-246.812119877472,0.0379,-110.081246404272
0.115814163370409,151.088481267548,0.03795,-107.838548073929
-0.118241384898813,485.205204023525,0.038,-105.569242195473
-0.413973177872348,635.504882108283,0.03805,-103.273888686171
-0.670389780832086,538.163488280316,0.0381,-100.953053890156
-0.793657147190953,211.835637943707,0.03815,-98.6073104386869
-0.730083700082468,-244.116378994055,0.0382,-96.2372371088599
-0.48737811199419,-678.85647520731,0.03825,-93.8434186808047
-0.135991951307829,-939.052806809485,0.0383,-91.4264457933995
0.211100767677576,-921.674298213316,0.03835,-88.9869147985378
0.434862246913285,-613.329542406741,0.0384,-86.5254276139896
0.451148858670484,-100.846957871426,0.03845,-84.0425915748851
0.242441854023759,451.883858079241,0.0385,-81.5390192838658
-0.131424634307366,855.618691472699,0.03855,-79.0153284599331
-0.548908440387681,960.262909253136,0.0386,-76.4721417860346
-0.865229680861268,710.407684125322,0.03865,-73.9100867554273
-0.960432233159636,168.850671778468,0.0387,-71.3297955168535
-0.784726184361365,-492.123725515663,0.03875,-68.7319047185666
-0.37914807414218,-1049.39518645639,0.0388,-66.1170553512485
0.132740163688734,-1301.61118571756,0.03885,-63.4858925898526
0.582032909190477,-1139.58128395451,0.0389,-60.83906563442
0.810169246876691,-590.759740171091,0.03895,-58.1772275498972
0.724807334095599,180.974355602388,0.039,-55.5010351049998
0.33672838578386,922.50082047141,0.03905,-52.8111486101712
-0.236811956509379,1373.76395317433,0.0391,-50.1082317546526
-0.805867556982308,1358.49811464498,0.03915,-47.3929514427342
-1.16865607611854,850.295611053448,0.0392,-44.6659776292038
-1.18935319420765,9.53415484027368,0.03925,-41.9279831540439
-0.845205207136444,-884.183214619252,0.0393,-39.1796435764232
-0.231247057908822,-1537.85411944581,0.03935,-36.4216370080073
0.461688918802618,-1719.15958858404,0.0394,-33.6546439456484
1.00117006044131,-1331.45630343543,0.03945,-30.8793471034817
1.19231966037338,-469.506114166019,0.0395,-28.0964312444738
0.954418192357043,587.730816967121,0.03955,-25.306583011473
0.349156991630551,1488.3380055711,0.0396,-22.5104907577846
-0.435492461740361,1922.21213432606,0.03965,-19.7088443773331
-1.13511570566062,1707.54024899666,0.0397,-16.9023351344416
-1.50291997686403,888.277535085456,0.03975,-14.0916554932701
-1.40438674097327,-261.362920716179,0.0398,-11.2774989469646
-0.862392128194888,-1351.35845595175,0.03985,-8.4605598465421
-0.0361417525871292,-2038.30471191966,0.0399,-5.64153322957554
0.814772153646013,-2081.73668796061,0.03995,-2.82111464870097
1.40181634001286,-1420.02217773385,0.04,5.5010443989556e-13
1.52117271790025,-258.704588615834,0.04005,2.82111464870112
1.13078671590879,1004.96930629254,0.0401,5.641533229576
0.349753448858417,1965.6433719598,0.04015,8.46055984654256
-0.573901890433185,2307.44015089801,0.0402,11.2774989469644
-1.32606531941355,1878.10463653468,0.04025,14.0916554932709
-1.64306257859497,801.347657641226,0.0403,16.9023351344418
-1.41095489948361,-555.437569079423,0.04035,19.7088443773336
-0.696257122257981,-1741.80887739033,0.0404,22.5104907577851
0.28509040260904,-2383.84350060877,0.04045,25.3065830114732
1.21817567320036,-2247.33772299359,0.0405,28.0964312444746
1.78749782855422,-1337.94391130642,0.04055,30.8793471034818
1.80539230599554,34.749840016075,0.0406,33.6546439456491
1.27461926140606,1398.84595964494,0.04065,36.4216370080078
0.366533337600056,2327.45272603541,0.0407,39.1796435764234
-0.627693238088574,2527.69012142268,0.04075,41.9279831540447
-1.37029994997654,1897.95321723617,0.0408,44.665977629204
-1.60075050112931,629.199241903195,0.04085,47.3929514427346
-1.2334414064749,-848.40642568026,0.0409,50.1082317546531
-0.375384446229674,-2052.9157043722,0.04095,52.8111486101713
0.708538412420928,-2594.00345185599,0.041,55.5010351050008
1.65970112258614,-2252.61420501789,0.04105,58.177227549897
2.16060378487537,-1128.54444339654,0.0411,60.8390656344204
2.059533851019,373.927828346707,0.04115,63.4858925898531
1.40575992033884,1749.82962786169,0.0412,66.1170553512486
0.414493457515773,2579.14544806881,0.04125,68.7319047185676
-0.596907848881508,2613.14986748222,0.0413,71.3297955168539
-1.28810419213161,1810.36352099207,0.04135,73.9100867554277
-1.41589121112842,413.431755983414,0.0414,76.472141786035
-0.925678483338779,-1113.21366220534,0.04145,79.0153284599332
0.0394094443013121,-2276.07768162955,0.0415,81.5390192838662
1.1729473943041,-2677.37404060393,0.04155,84.0425915748855
2.09200545558538,-2137.94452862689,0.0416,86.52542761399
2.49548647801823,-851.237855542711,0.04165,88.9869147985384
2.27343195820936,712.349922020865,0.0417,91.4264457933996
1.51912985833336,2037.78770168697,0.04175,93.8434186808051
0.481672550021018,2730.88535889586,0.0418,96.2372371088603
-0.509680234977333,2597.6381093927,0.04185,98.6073104386875
-1.12682469679052,1657.41638024316,0.0419,100.953053890157
-1.15199870596215,188.740018199287,0.04195,103.273888686171
-0.560424548113526,-1332.77401382612,0.042,105.569242195473
0.466774935683925,-2399.76508909502,0.04205,107.83854807393
1.58884413041184,-2625.09888711041,0.0421,110.081246404272
2.42715700613588,-1915.19681465637,0.04215,112.296783834245
2.71669146769837,-543.1317626216,0.0422,114.48461371314
2.38859995209363,1001.56572650601,0.04225,116.644196226671
1.571307291419,2219.13385559667,0.0423,118.774998530168
0.53258469887782,2757.17899181623,0.04235,120.876494880046
-0.402089718930057,2477.83357945537,0.0424,122.948166763526
-0.929784834397895,1453.47817152455,0.04245,124.98950302657
-0.863191091651421,-21.0395947203677,0.0425,127
-0.209226079231836,-1469.55357228215,0.04255,128.979161623772
0.822292247316432,-2395.6328106376,0.0426,130.92649956937
1.87709626254493,-2449.24317684978,0.04265,132.841533360295
2.59768588567191,-1615.8850894567,0.0427,134.723790490613
2.76253203404752,-225.271373870928,0.04275,136.572806541544
2.34277614492364,1236.6581724343,0.0428,138.388125296043
1.49305186713792,2305.17467747426,0.04285,140.169298851371
0.486573657291321,2680.5572092439,0.0429,141.915887729606
-0.364916704213098,2274.23235087097,0.04295,143.627460986076
-0.788143440410457,1197.55366929222,0.043,145.303596315692
-0.634991609389104,-232.919775668912,0.04305,146.943880157142
0.0528653145621707,-1552.20602823534,0.0431,148.54790779493
1.04699682184472,-2304.05863625832,0.04315,150.115283459242
1.99982945955767,-2199.95056707872,0.0432,151.645620423582
2.58742403345026,-1290.03093034224,0.04325,153.138541100205
2.63232518123877,68.1201328497855,0.0433,154.593677133273
2.14085528017106,1408.51542477891,0.04335,156.010669489743
1.28467594254313,2312.51487355475,0.0434,157.389168547954
0.332161606443942,2535.82971140213,0.04345,158.728834183891
-0.423343189920292,2026.59192093291,0.0435,160.029335855103
-0.737229559848442,920.533956515095,0.04355,161.290352682263
-0.498553906162437,-448.712828523045,0.0436,162.511573528339
0.220822847870328,-1633.00054683921,0.04365,163.692697075359
1.17886993144008,-2217.46571958057,0.0437,164.833431898762
2.04123405371784,-1977.59932567132,0.04375,165.9334965393
2.51725354190676,-1013.83476007909,0.0438,166.992619572483
2.46552975898892,306.742255574955,0.04385,168.01053967555
1.92060539195319,1538.12112886196,0.0439,168.987005691949
1.06637393694737,2302.24543882875,0.04395,169.921776693299
0.165051375479182,2401.43800944349,0.044,170.814622038845
-0.505788003037255,1810.7230443727,0.04405,171.665321432357
-0.724475544306319,682.556845487311,0.0441,172.473664976489
-0.40969647401057,-636.535531541184,0.04415,173.239453224566
0.341644350542179,-1709.95414646962,0.0442,173.962497229798
1.27593757030487,-2156.10335581112,0.04425,174.642618591895
2.06879982935459,-1802.00032952034,0.0443,175.279649501089
2.45601636873548,-789.315132244168,0.04435,175.873432779533
2.32567532555111,505.406346689364,0.0444,176.42382192009
1.73599995465553,1650.96401291774,0.04445,176.930681122474
0.881847948210376,2301.5840818691,0.0445,177.393885326762
0.025125693123083,2290.02797275197,0.04455,177.813320244248
-0.567013139929462,1617.15726033524,0.0446,178.188882385641
-0.695147667287598,462.329936744377,0.04465,178.520479086602
-0.30640446244858,-813.9851157386,0.0447,178.808028530609
0.477562665930633,-1784.55481304578,0.04475,179.051459769137
1.39082975730933,-2098.52273765907,0.0448,179.250712739172
2.11802797553486,-1633.65274813007,0.04485,179.405738278025
2.42045406441583,-572.920301910261,0.0449,179.516498135463
2.21464744734682,697.697799055827,0.04495,179.582964983149
1.58178388328174,1761.02722672804,0.045,179.605122421383
0.727466311721916,2302.28534153174,0.04505,179.582964983149
-0.0852599964733356,2181.01133848058,0.0451,179.516498135463
-0.599359663701926,1425.78045405744,0.04515,179.405738278025
-0.63922506964026,247.069820140985,0.0452,179.250712739172
-0.181043010417622,-982.069036221199,0.04525,179.051459769137
0.628924181151576,-1845.65989886656,0.0453,178.808028530609
1.51336106509717,-2025.49953178029,0.04535,178.520479086602
2.16766268561003,-1451.98619982591,0.0454,178.188882385641
2.38029861853222,-349.304056040332,0.04545,177.813320244248
2.0969431458233,889.39581109298,0.0455,177.393885326762
1.42137964468522,1863.5688765492,0.04555,176.930681122474
0.568784622753182,2291.51620175199,0.0456,176.42382192009
-0.198084879953005,2060.26176309139,0.04565,175.873432779533
-0.633590901617663,1225.68876055343,0.0457,175.279649501088
-0.586829600977324,28.324961137389,0.04575,174.642618591895
-0.0631684477467851,-1148.09213769322,0.0458,173.962497229798
0.767253356008605,-1900.93617381925,0.04585,173.239453224566
1.61716245569867,-1946.34863014727,0.0459,172.473664976488
2.19375454348544,-1266.63869031124,0.04595,171.665321432357
2.31296845268423,-125.39048690955,0.046,170.814622038845
1.94953369113028,1078.21767084053,0.04605,169.921776693299
1.22937632484684,1961.2471452641,0.0461,168.987005691949
0.376576888109875,2275.59936291736,0.04615,168.01053967555
-0.346008843727388,1933.61658485486,0.0462,166.992619572483
-0.702997559240229,1016.59238664096,0.04625,165.9334965393
-0.56769859505967,-203.757999477268,0.0463,164.833431898762
0.0252014479679268,-1331.45099701107,0.04635,163.692697075359
0.880916138430553,-1975.66612279994,0.0464,162.511573528339
1.7010356252264,-1885.9003318612,0.04645,161.290352682263
2.20269320915009,-1094.98202247962,0.0465,160.029335855103
2.22763070508702,93.6869112962957,0.04655,158.72883418389
1.77934473758344,1271.78032490074,0.0466,157.389168547954
1.00682695237911,2070.89819887424,0.04665,156.010669489743
0.144798528612916,2274.4852486528,0.0467,154.593677133273
-0.540641705999082,1817.24298805728,0.04675,153.138541100205
-0.820892292571644,805.137381915538,0.0468,151.645620423582
-0.591163070317855,-456.193359439332,0.04685,150.115283459241
0.0834690306208472,-1550.80595545938,0.0469,148.54790779493
0.980251222310105,-2093.87949515214,0.04695,146.943880157141
1.78493904242848,-1864.93221898237,0.047,145.303596315692
2.22002371313078,-947.675555954789,0.04705,143.627460986076
2.15047873775003,309.821654148691,0.0471,141.915887729605
1.60895185736749,1482.81102944947,0.04715,140.16929885137
0.770376708889247,2211.12151308886,0.0472,138.388125296042
-0.10835738551738,2291.45022161576,0.04725,136.572806541544
-0.749867765404609,1686.29355225115,0.0473,134.723790490613
-0.934836087065555,549.990289698084,0.04735,132.841533360295
-0.587397513422893,-764.679180477338,0.0474,130.92649956937
0.188691035047172,-1817.92553690092,0.04745,128.979161623772
1.13497089492459,-2232.6435187708,0.0475,127
1.92130909493053,-1835.51416696507,0.04755,124.98950302657
2.27984998002616,-773.157961555134,0.0476,122.948166763525
2.10234334512493,561.715527171893,0.04765,120.876494880045
1.45531531754321,1726.17148082968,0.0477,118.774998530167
0.543526680695648,2370.41685663163,0.04775,116.644196226671
-0.352183441497947,2309.68216550123,0.0478,114.48461371314
-0.944006293536556,1540.85939226465,0.04785,112.296783834245
-1.02617652009224,274.658343406191,0.0479,110.081246404272
-0.557870890257996,-1084.43847305807,0.04795,107.83854807393
0.316460296324699,-2081.25162200997,0.048,105.569242195473
1.30248628432236,-2352.04575706019,0.04805,103.273888686171
2.05735851183679,-1778.50464546309,0.0481,100.953053890156
2.32719443198536,-573.433542013328,0.04815,98.6073104386869
2.03344266476594,828.742707747038,0.0482,96.2372371088596
1.27803303947723,1970.75041797722,0.04825,93.843418680805
0.295222093806133,2517.88145647811,0.0483,91.4264457933995
-0.611465990393739,2306.58478124197,0.04835,88.9869147985378
-1.14502794447703,1368.33582395905,0.0484,86.5254276139893
-1.12221239868717,-14.2395791139521,0.04845,84.0425915748848
-0.541117175735045,-1393.73662086608,0.0485,81.5390192838661
0.413810414570368,-2311.12663119141,0.04855,79.0153284599331
1.41905704020234,-2430.24402718992,0.0486,76.4721417860343
2.12511821198453,-1688.0727370396,0.04865,73.9100867554271
2.29576451368213,-357.838198769246,0.0487,71.3297955168536
1.88350101931269,1090.68726520361,0.04875,68.7319047185669
1.02430495770192,2192.76535305793,0.0488,66.1170553512482
-0.0214710199133501,2633.94217709291,0.04885,63.4858925898523
-0.929730921585296,2269.64519374956,0.0489,60.83906563442
-1.39576126631002,1163.85116461146,0.04895,58.1772275498966
-1.26152346350911,-327.065553876442,0.049,55.5010351050001
-0.569540982796516,-1707.11795083698,0.04905,52.8111486101709
0.457778520538226,-2528.51534506051,0.0491,50.1082317546527
1.47266067637508,-2491.02430375659,0.04915,47.3929514427342
2.12230929841214,-1584.5206891103,0.0492,44.6659776292032
2.18930775136834,-137.152844180708,0.04925,41.9279831540439
1.65757057291245,1348.81590040072,0.0493,39.1796435764232
0.696342625882136,2404.05328227783,0.04935,36.4216370080073
-0.399876633506642,2716.75645290016,0.0494,33.6546439456484
-1.28183073048912,2166.21247271278,0.04945,30.8793471034811
-1.6566536050893,899.625163285023,0.0495,28.0964312444742
-1.40397777709467,-660.789261672197,0.04955,25.306583011473
-0.610628952807298,-1999.50317645194,0.0496,22.5104907577843
0.467472561351838,-2694.14013895314,0.04965,19.7088443773328
1.46717073124709,-2491.25600325301,0.0497,16.902335134441
2.04094928644261,-1433.5534621727,0.04975,14.0916554932705
1.99541317462147,104.126532915868,0.0498,11.2774989469643
1.34750392851285,1596.66568411682,0.04985,8.4605598465418
0.297387870433088,2580.1801094908,0.0499,5.64153322957588
-0.828538896750666,2746.73553936201,0.04995,2.82111464870068
-1.65864045492713,2000.32295063065,0.05,-2.09066368462635e-13
-1.91945259197069,580.742419605937,0.05005,-2.82111464870141
-1.53798753359086,-1018.97498277325,0.0501,-5.64153322957598
-0.646783986095959,-2281.17189788982,0.05015,-8.46055984654222
0.467131297986761,-2820.07488802066,0.0502,-11.277498946965
1.43135183787115,-2438.22134447265,0.05025,-14.0916554932709
1.91097342619205,-1234.26279912992,0.0503,-16.9023351344418
1.74237775814833,374.079555862557,0.05035,-19.7088443773336
0.978400866930369,1846.31154942712,0.0504,-22.5104907577847
-0.14989174823022,2731.66654589453,0.05045,-25.3065830114734
-1.28627018529403,2731.57200361629,0.0505,-28.0964312444743
-2.05304339111102,1804.38173474957,0.05055,-30.8793471034818
-2.20448106187207,269.282814356023,0.0506,-33.6546439456491
-1.71135605621399,-1337.97556326363,0.05065,-36.4216370080078
-0.745960625296912,-2507.02633196755,0.0507,-39.1796435764233
0.382970378655608,-2896.43687960828,0.05075,-41.9279831540443
1.30387897596018,-2366.1060252036,0.0508,-44.6659776292039
1.69745702501347,-1054.8758678463,0.05085,-47.3929514427349
1.42553717195773,594.879887839701,0.0509,-50.1082317546528
0.569746931570529,2035.58826221868,0.05095,-52.8111486101713
-0.603585399646036,2806.59105428901,0.051,-55.5010351050005
-1.70804254013436,2623.04608050459,0.05105,-58.1772275498973
-2.37725996211372,1534.61373042556,0.0511,-60.8390656344207
-2.40724094586081,-62.6949131654735,0.05115,-63.4858925898527
-1.81202099352978,-1622.50577665511,0.0512,-66.1170553512486
-0.797456945238498,-2659.15910852811,0.05125,-68.7319047185673
0.315063905989375,-2883.52058421061,0.0513,-71.3297955168542
1.16475184823153,-2214.54648125836,0.05135,-73.910086755428
1.45726696821713,-828.870708415464,0.0514,-76.4721417860347
1.08462542344108,817.791834017921,0.05145,-79.0153284599335
0.155956678104232,2185.79842240025,0.0515,-81.5390192838665
-1.03333396551223,2817.03698241518,0.05155,-84.0425915748858
-2.08025213185588,2456.75027047638,0.0516,-86.5254276139902
-2.63667864620641,1233.18593027818,0.05165,-88.9869147985381
-2.54316203575471,-392.66674956647,0.0517,-91.4264457933999
-1.85557966223172,-1875.01175430338,0.05175,-93.8434186808053
-0.808339917021423,-2761.98078312755,0.0518,-96.2372371088605
0.269990283027312,-2818.49663499649,0.05185,-98.6073104386878
1.03425861290845,-2020.7504475681,0.0519,-100.953053890157
1.21964515991694,-581.405782911257,0.05195,-103.273888686172
0.750415229431176,1036.53844621258,0.052,-105.569242195474
-0.230310539855455,2293.73725426484,0.05205,-107.83854807393
-1.39947583274167,2750.15923311787,0.0521,-110.081246404272
-2.36048207002414,2227.6022623081,0.05215,-112.296783834245
-2.80155097119712,928.167562662629,0.0522,-114.48461371314
-2.60362816660604,-671.125549524074,0.05225,-116.644196226671
-1.85612930293708,-2041.99171910676,0.0523,-118.774998530168
-0.810237710328133,-2775.12663676018,0.05235,-120.876494880046
0.209293097309391,-2687.61176373269,0.0524,-122.948166763526
0.88051950062816,-1803.81952475634,0.05245,-124.98950302657
0.973740459892342,-365.634682818868,0.0525,-127
0.443315931468293,1174.41594403868,0.05255,-128.979161623772
-0.543661224639378,2296.11258219805,0.0526,-130.92649956937
-1.65080511243927,2588.09440116801,0.05265,-132.841533360295
-2.50160748941391,1947.13657768799,0.0527,-134.723790490613
-2.82501645928752,627.862070430081,0.05275,-136.572806541544
-2.53983664021596,-895.342176434027,0.0528,-138.388125296043
-1.76057876045417,-2126.64666918465,0.05285,-140.169298851371
-0.744028627082155,-2706.19254968045,0.0529,-141.915887729605
0.19697415125968,-2496.41886785325,0.05295,-143.627460986076
0.767210460076609,-1557.98331029323,0.053,-145.303596315692
0.773604789747315,-155.178927780677,0.05305,-146.943880157142
0.204388019317692,1266.70152114231,0.0531,-148.54790779493
-0.754294603494436,2224.07135344255,0.05315,-150.115283459241
-1.76929812936954,2360.3784280848,0.0532,-151.645620423582
-2.49407407763675,1636.04118559242,0.05325,-153.138541100205
-2.70023253383745,338.383369635807,0.0533,-154.593677133273
-2.34165363092447,-1074.38685173986,0.05335,-156.010669489743
-1.55115266255692,-2149.02591531906,0.0534,-157.389168547954
-0.582810892594289,-2578.93680579324,0.05345,-158.728834183891
0.26664260641244,-2262.90779359346,0.0535,-160.029335855103
0.728493274411968,-1286.5257064849,0.05355,-161.290352682263
0.645084112950915,67.5866656341692,0.0536,-162.511573528339
0.0359726358095349,1364.60902660498,0.05365,-163.692697075359
-0.896724288751184,2158.84359903848,0.0537,-164.833431898762
-1.82573457817014,2147.36452104363,0.05375,-165.9334965393
-2.43354228407882,1346.35472614212,0.0538,-166.992619572483
-2.53114122673438,69.7180195553749,0.05385,-168.01053967555
-2.10492882759666,-1239.68562533411,0.0539,-168.987005691949
-1.30456851016518,-2168.40256680244,0.05395,-169.9217766933
-0.381438943287584,-2459.39988254209,0.054,-170.814622038845
0.381248126500389,-2041.87964885434,0.05405,-171.665321432357
0.737161953226954,-1022.55987178346,0.0541,-172.473664976489
0.560950278337636,295.624565218148,0.05415,-173.239453224566
-0.0977009770969985,1483.58616850767,0.0542,-173.962497229798
-1.0194464529494,2127.48198173059,0.05425,-174.642618591895
-1.88256901894443,1979.03838904882,0.0543,-175.279649501089
-2.39215248120317,1098.05461419329,0.05435,-175.873432779533
-2.39346887236179,-173.567807035294,0.0544,-176.42382192009
-1.90285018686852,-1402.13335019239,0.05445,-176.930681122474
-1.08723949378509,-2206.33058171024,0.0545,-177.393885326763
-0.198355094534617,-2372.08168942112,0.05455,-177.813320244248
0.490148794681933,-1856.440049364,0.0546,-178.188882385641
0.750410930697436,-787.534889140342,0.05465,-178.520479086602
0.485931327170861,509.77060040709,0.0547,-178.808028530609
-0.225104707494309,1607.59590465455,0.05475,-179.051459769137
-1.14524988966387,2117.80820878829,0.0548,-179.250712739172
-1.95595611593069,1842.75303704241,0.05485,-179.405738278025
-2.38435541826629,889.259088053759,0.0549,-179.516498135463
-2.30408168825569,-382.912017132185,0.05495,-179.582964983149
-1.75739007776239,-1546.34480748346,0.055,-179.605122421383
-0.926792746677099,-2246.03685164153,0.05505,-179.582964983149
-0.0668587398791911,-2300.95836312142,0.0551,-179.516498135463
0.554904627136078,-1692.76587801171,0.05515,-179.405738278025
0.729398202633402,-578.518596632734,0.0552,-179.250712739172
0.387462429336961,697.241495503544,0.05525,-179.051459769137
-0.366235247539477,1709.04784012107,0.0553,-178.808028530609
-1.27802306302228,2094.10972790427,0.05535,-178.520479086602
-2.0337685261023,1703.76621070807,0.0554,-178.188882385641
-2.3826758629828,688.922089436138,0.05545,-177.813320244248
-2.22530482480136,-576.290167359411,0.0555,-177.393885326762
-1.6275961005451,-1672.7613742837,0.05555,-176.930681122474
-0.785364947637083,-2271.86231245305,0.0556,-176.42382192009
0.0429541861149061,-2218.58109966119,0.05565,-175.873432779533
0.596978812445028,-1522.06271142853,0.0557,-175.279649501088
0.688643203810964,-371.347320648491,0.05575,-174.642618591895
0.276637883070856,872.677234300191,0.0558,-173.962497229798
-0.509006105069318,1790.95028694224,0.05585,-173.239453224566
-1.40086485905848,2049.32477219457,0.0559,-172.473664976488
-2.09193420461328,1548.8380168117,0.05595,-171.665321432357
-2.3552838911318,482.306769361083,0.056,-170.814622038845
-2.11884352030797,-765.181643760129,0.05605,-169.921776693299
-1.47131033809218,-1786.29809529251,0.0561,-168.987005691949
-0.619917304429748,-2281.20529389536,0.05615,-168.01053967555
0.174391695829964,-2119.96234553678,0.0562,-166.992619572483
0.659071639734404,-1337.4827949257,0.05625,-165.9334965393
0.66771374145848,-154.166880014055,0.0563,-164.833431898762
0.186973369769298,1053.99217652777,0.05635,-163.692697075359
-0.628204300576032,1875.72607428525,0.0564,-162.511573528338
-1.49676654739763,2005.04354186358,0.05645,-161.290352682263
-2.11946629548242,1393.58249771763,0.0565,-160.029335855103
-2.29315935198166,274.693410912259,0.05655,-158.72883418389
-1.9732959359577,-955.36883697962,0.0566,-157.389168547954
-1.27150292120654,-1900.99529694031,0.05665,-156.010669489743
-0.406572273071034,-2291.22181870602,0.0567,-154.593677133272
0.356466499750043,-2018.29185726887,0.05675,-153.138541100205
0.770632412942103,-1141.15354243524,0.0568,-151.645620423582
0.690408726263132,85.3601200738302,0.05685,-150.115283459241
0.131265166253679,1266.19659391339,0.0569,-148.54790779493
-0.724656983715367,1994.38618038633,0.05695,-146.943880157141
-1.58022846839102,1991.47972129659,0.057,-145.303596315692
-2.1404972425557,1257.92449710392,0.05705,-143.627460986076
-2.22393828216513,70.4185602051867,0.0571,-141.915887729605
-1.81367728465842,-1158.06541626513,0.05715,-140.16929885137
-1.04637427631342,-2038.70699322245,0.0572,-138.388125296042
-0.155598211920151,-2326.60070241216,0.05725,-136.572806541543
0.585088297547347,-1933.67786526876,0.0573,-134.723790490613
0.930012557037603,-943.530694869613,0.05735,-132.841533360294
0.752921513270219,348.489355327687,0.0574,-130.92649956937
0.0996457224094223,1520.47329806379,0.05745,-128.979161623772
-0.81608238935751,2162.79885619827,0.0575,-127
-1.6751656105469,2020.94595725015,0.05755,-124.989503026569
-2.18182632395603,1145.99589537668,0.0576,-122.948166763525
-2.17386586903971,-135.136505335676,0.05765,-120.876494880045
-1.66311799059632,-1384.40809536875,0.0577,-118.774998530167
-0.814985501746057,-2213.01197502113,0.05775,-116.644196226671
0.112313226381055,-2388.92863448822,0.0578,-114.48461371314
0.827851515927847,-1844.95784871685,0.05785,-112.296783834245
1.08916021633851,-712.730462890069,0.0579,-110.081246404272
0.796954349881946,656.002716578446,0.05795,-107.83854807393
0.0361719183619473,1808.63705904552,0.058,-105.569242195473
-0.943115158545121,2341.71238929317,0.05805,-103.273888686171
-1.79834232763481,2033.63121662443,0.0581,-100.953053890156
-2.23502984626289,995.332779354429,0.05815,-98.6073104386869
-2.11609734537636,-387.268987669668,0.0582,-96.2372371088602
-1.48812960621707,-1649.86524823932,0.05825,-93.843418680805
-0.549857498172476,-2407.37469902217,0.0583,-91.4264457933995
0.410874021413163,-2441.24935311499,0.05835,-88.9869147985378
1.08579692861055,-1716.13001786827,0.0584,-86.5254276139893
1.24349403989078,-429.583636681378,0.05845,-84.0425915748854
0.822687474669106,1001.66391934972,0.0585,-81.5390192838662
-0.0464759481324113,2104.49045401467,0.05855,-79.0153284599331
-1.07707923850647,2495.82504147757,0.0586,-76.4721417860343
-1.91022354582477,2005.2145098977,0.05865,-73.9100867554271
-2.25931442965849,804.581930353613,0.0587,-71.3297955168539
-2.01702323132556,-666.021900620972,0.05875,-68.7319047185669
-1.26751742257086,-1921.33714372691,0.0588,-66.1170553512482
-0.242885187459888,-2587.10828218439,0.05885,-63.4858925898524
0.740560979193938,-2461.94552298136,0.0589,-60.8390656344197
1.35963306183456,-1545.32881364143,0.05895,-58.1772275498969
1.40445785958143,-117.320226270191,0.059,-55.5010351050001
0.859342897526462,1344.80721941891,0.05905,-52.8111486101709
-0.103163078638316,2370.52849788022,0.0591,-50.1082317546524
-1.16502245555244,2606.95530203335,0.05915,-47.3929514427339
-1.9573865800738,1936.9855416566,0.0592,-44.6659776292036
-2.20870255535259,594.471339400017,0.05925,-41.9279831540439
-1.84260375860242,-939.420483594426,0.0593,-39.1796435764229
-0.979316526370465,-2166.63515794946,0.05935,-36.4216370080071
0.119679607000188,-2729.92645377555,0.0594,-33.6546439456487
1.11147619988135,-2441.26759949671,0.05945,-30.8793471034814
1.66427861222915,-1342.95500311154,0.0595,-28.0964312444739
1.59539835828233,203.290103846045,0.05955,-25.3065830114727
0.93452490903184,1672.53729737167,0.0596,-22.510490757784
-0.107342419117743,2606.82369765164,0.05965,-19.7088443773332
-1.18780846858989,2690.35814586763,0.0597,-16.9023351344414
-1.93251301836994,1854.86632685355,0.05975,-14.0916554932702
-2.08586389678538,387.41651853948,0.0598,-11.277498946964
-1.60149085586419,-1195.29468635743,0.05985,-8.4605598465415
-0.633007900118679,-2386.73156889506,0.0599,-5.64153322957558
0.521700504401933,-2827.27107407889,0.05995,-2.8211146487007
1.49087210587911,-2349.25972059024,0.06,5.06113872238797e-13
