0,0,0,0
0.00243879521059019,-2.147242746819,5e-05,2.82111464870106
0.00684223692255429,-3.90669950101262,0.0001,5.6415332295758
0.0128532496013631,-4.586580522947,0.00015,8.46055984654222
0.0199796869511285,-3.85719746369702,0.0002,11.2774989469646
0.0277289004099029,-1.74805936545655,0.00025,14.0916554932706
0.0357078690226961,1.44526654860741,0.0003,16.9023351344416
0.0436689821136784,5.30508593340542,0.00035,19.7088443773333
0.0515212763950703,9.39521185855088,0.0004,22.5104907577847
0.0592913750801894,13.3830108775236,0.00045,25.3065830114732
0.067074290322225,17.075306261464,0.0005,28.0964312444742
0.0749809052836218,20.4227968773896,0.00055,30.8793471034816
0.0830903580743644,23.5018552534691,0.0006,33.6546439456488
0.0914344900882012,26.4381136614736,0.00065,36.4216370080076
0.0999854726627082,29.3832919464115,0.0007,39.1796435764233
0.108674138660731,32.4469072850156,0.00075,41.9279831540442
0.117411908006763,35.6794218429068,0.0008,44.6659776292037
0.126107621937916,39.0833093356189,0.00085,47.3929514427345
0.134687796445977,42.6110673373841,0.0009,50.1082317546528
0.143103725219646,46.194769432166,0.00095,52.8111486101713
0.151334105488071,49.7617265289876,0.001,55.5010351050003
0.159380528939925,53.2521023988685,0.00105,58.177227549897
0.167258806091183,56.6297315799879,0.0011,60.8390656344203
0.174990963308201,59.881193194024,0.00115,63.4858925898527
0.182594283250094,63.0202437726245,0.0012,66.1170553512485
0.190078449952825,66.0704009388393,0.00125,68.731904718567
0.197441095741861,69.0644839874635,0.0013,71.3297955168538
0.204673678193897,72.0229120920016,0.00135,73.9100867554275
0.211766448852402,74.9524594335089,0.0014,76.4721417860346
0.218710462348958,77.8529165692627,0.00145,79.0153284599333
0.225500159608232,80.7175467508962,0.0015,81.5390192838662
0.232137273277757,83.5308806068834,0.00155,84.0425915748853
0.238626028497478,86.2865985874084,0.0016,86.5254276139897
0.244974586164325,88.9774329260142,0.00165,88.986914798538
0.251194654666814,91.5971539888577,0.0017,91.4264457933996
0.257295404075711,94.1524657571778,0.00175,93.8434186808049
0.263284942617986,96.6489162813854,0.0018,96.23723710886
0.26917103645285,99.0899973484894,0.00185,98.6073104386872
0.274957062993738,101.486823296947,0.0019,100.953053890156
0.280645063008733,103.844923091806,0.00195,103.273888686171
0.286237664739464,106.16453090371,0.002,105.569242195473
0.291735260515961,108.450640981425,0.00205,107.83854807393
0.297138756447671,110.703152985067,0.0021,110.081246404272
0.302449665749682,112.920843220643,0.00215,112.296783834245
0.307671750740975,115.098989040104,0.0022,114.48461371314
0.312806879305647,117.240949361263,0.00225,116.644196226671
0.317857229887407,119.346794732382,0.0023,118.774998530168
0.322824794501887,121.416988186982,0.00235,120.876494880046
0.327712848174074,123.449012390804,0.0024,122.948166763526
0.332521789473235,125.448421124162,0.00245,124.98950302657
0.337251743470129,127.41653289765,0.0025,127
0.341902448565994,129.354032988053,0.00255,128.979161623772
0.346475017453697,131.257838802765,0.0026,130.92649956937
0.350968217318111,133.131941313758,0.00265,132.841533360295
0.35538103890387,134.976088048322,0.0027,134.723790490613
0.359712567809632,136.789524634888,0.00275,136.572806541544
0.36396206146949,138.571275627035,0.0028,138.388125296042
0.368130691876534,140.316815497486,0.00285,140.169298851371
0.372217040967734,142.030423198742,0.0029,141.915887729605
0.376219942018545,143.711873550592,0.00295,143.627460986076
0.380138210659116,145.360680137992,0.003,145.303596315692
0.38397210783632,146.973341344835,0.00305,146.943880157141
0.387719909032337,148.55300680688,0.0031,148.547907794931
0.391380102902081,150.099320366777,0.00315,150.115283459241
0.394951248798451,151.611596016202,0.0032,151.645620423582
0.398432052026354,153.088962517992,0.00325,153.138541100205
0.40182138338781,154.530514871509,0.0033,154.593677133273
0.405119821836088,155.932241125902,0.00335,156.010669489743
0.408325642503214,157.297983841289,0.0034,157.389168547954
0.411437390824459,158.627490200194,0.00345,158.728834183891
0.414453676595661,159.920199012157,0.0035,160.029335855103
0.417373255680574,161.175350656469,0.00355,161.290352682263
0.420195062509757,162.392119960476,0.0036,162.511573528339
0.422919597552233,163.566884226702,0.00365,163.692697075359
0.425545346359833,164.70303213111,0.0037,164.833431898762
0.428071080093002,165.800296138281,0.00375,165.9334965393
0.430495664480834,166.858153222032,0.0038,166.992619572483
0.432818122670922,167.875931322383,0.00385,168.01053967555
0.435037653464166,168.852929164709,0.0039,168.987005691949
0.437153611761837,169.788517055723,0.00395,169.921776693299
0.439165465467896,170.682198976197,0.004,170.814622038845
0.441072745195329,171.533630598995,0.00405,171.665321432357
0.442876494450143,172.339556879478,0.0041,172.473664976489
0.44457534534063,173.104396296048,0.00415,173.239453224566
0.446168228982776,173.82813602154,0.0042,173.962497229798
0.447654189229285,174.510349851251,0.00425,174.642618591895
0.449032483661008,175.150356729496,0.0043,175.279649501089
0.450302616035666,175.747405210048,0.00435,175.873432779533
0.451464309297445,176.300832449528,0.0044,176.42382192009
0.452517440415063,176.81016539949,0.00445,176.930681122474
0.453461962266103,177.275154011086,0.0045,177.393885326762
0.454297834619401,177.695745341496,0.00455,177.813320244248
0.455024978537211,178.072019587724,0.0046,178.188882385641
0.455643259246515,178.404113059603,0.00465,178.520479086602
0.456152494354064,178.692150013103,0.0047,178.808028530609
0.456552478914028,178.936197621334,0.00475,179.051459769137
0.456843016900345,179.136249162817,0.0048,179.250712739172
0.457023949709091,179.292232379519,0.00485,179.405738278025
0.45709517539893,179.404034607903,0.0049,179.516498135463
0.457056656216575,179.47153431896,0.00495,179.582964983149
0.456908415426575,179.494629748101,0.005,179.605122421383
0.45665052681819,179.47325834403,0.00505,179.582964983149
0.456283101204987,179.407404573895,0.0051,179.516498135463
0.455806273889588,179.29709707375,0.00515,179.405738278025
0.455220195842546,179.142398478945,0.0052,179.250712739172
0.454525029758779,178.94339221552,0.00525,179.051459769137
0.453720950683581,178.700170201753,0.0053,178.808028530609
0.452808149872132,178.412824200145,0.00535,178.520479086602
0.451786840100127,178.081441987859,0.0054,178.188882385641
0.450657260741601,177.706108051635,0.00545,177.813320244248
0.449419681412261,177.286907489154,0.0055,177.393885326762
0.448074403629431,176.823931351694,0.00555,176.930681122474
0.446621760561605,176.31728175694,0.0056,176.42382192009
0.445062115388035,175.767075577071,0.00565,175.873432779533
0.443395858997101,175.173446154213,0.0057,175.279649501089
0.441623407730529,174.536543113021,0.00575,174.642618591895
0.439745201692182,173.856530785502,0.0058,173.962497229798
0.43776035787464,173.136328062428,0.00585,173.239453224566
0.435670573459328,172.371230792682,0.0059,172.473664976489
0.43347696838961,171.561919495256,0.00595,171.665321432357
0.431180405062903,170.709361958984,0.006,170.814622038845
0.428781478862739,169.814556639502,0.00605,169.921776693299
0.426280582336728,168.878335646295,0.0061,168.987005691949
0.423678008872785,167.901260215607,0.00615,168.01053967555
0.420974060701161,166.883610826126,0.0062,166.992619572483
0.41816913383004,165.825450571757,0.00625,165.9334965393
0.415262579063674,164.729143995864,0.0063,164.833431898762
0.412256244216215,163.590127314143,0.00635,163.692697075359
0.409151490488388,162.408987891894,0.0064,162.511573528339
0.405949469597447,161.186656431717,0.00645,161.290352682263
0.402651086865286,159.924167684526,0.0065,160.029335855103
0.399257039587963,158.622458543113,0.00655,158.72883418389
0.39576659435052,157.284907816629,0.0066,157.389168547954
0.392181605951004,155.906959878539,0.00665,156.010669489743
0.388503298968266,154.489511812961,0.0067,154.593677133273
0.384732686249007,153.033553881676,0.00675,153.138541100205
0.380870601804981,151.539993107534,0.0068,151.645620423582
0.376917774788518,150.00954390646,0.00685,150.115283459241
0.372873821027611,148.444926335516,0.0069,148.54790779493
0.368740139143178,146.843179667705,0.00695,146.943880157141
0.364518980874868,145.202439060437,0.007,145.303596315692
0.360211424160418,143.525312141595,0.00705,143.627460986076
0.355818452201626,141.812875597579,0.0071,141.915887729605
0.351339890845854,140.06806281032,0.00715,140.169298851371
0.346777649296155,138.287386717105,0.0072,138.388125296042
0.342133066655225,136.471870820003,0.00725,136.572806541544
0.337407295799448,134.62253149148,0.0073,134.723790490613
0.332600181025076,132.742640993926,0.00735,132.841533360295
0.327713924901999,130.828234818449,0.0074,130.92649956937
0.322750061489392,128.880505280284,0.00745,128.979161623772
0.317709874739696,126.900673622615,0.0075,127
0.312593239612235,124.892286618957,0.00755,124.98950302657
0.307402419303146,122.851385537736,0.0076,122.948166763526
0.302138972468179,120.779256133447,0.00765,120.876494880046
0.296804203548321,118.677159399016,0.0077,118.774998530168
0.291398070211774,116.548536163868,0.00775,116.644196226671
0.28592283374419,114.38960294661,0.0078,114.48461371314
0.280380096512304,112.201596099662,0.00785,112.296783834245
0.274771235668543,109.985725438071,0.0079,110.081246404272
0.269096421476944,107.745158927205,0.00795,107.83854807393
0.263357903703137,105.476560474937,0.008,105.569242195473
0.257557330790468,103.181141802591,0.00805,103.273888686171
0.251694890825035,100.862640187264,0.0081,100.953053890156
0.245773139107972,98.517252912765,0.00815,98.6073104386871
0.239793873790293,96.1464736238642,0.0082,96.2372371088599
0.233757186765309,93.7546217704071,0.00825,93.8434186808049
0.227665720271479,91.3376208226735,0.0083,91.4264457933996
0.221521270927764,88.8971089622146,0.00835,88.986914798538
0.215325307963612,86.4346272721038,0.0084,86.5254276139896
0.209077912896523,83.953804567203,0.00845,84.0425915748853
0.202781384380712,81.4511138077715,0.0085,81.5390192838661
0.196437438209195,78.9277166245166,0.00855,79.0153284599332
0.19004638207962,76.3872619977335,0.0086,76.4721417860346
0.183610844766939,73.8260603241388,0.00865,73.9100867554275
0.177075585845854,71.3620051109722,0.0087,71.3297955168538
0.170376956341217,69.0266307871812,0.00875,68.731904718567
0.163622051792924,66.4691850756816,0.0088,66.1170553512484
0.156868608533124,63.7409945788049,0.00885,63.4858925898527
0.150147471406792,60.9161958617011,0.0089,60.8390656344202
0.143462856129089,58.0678552283416,0.00895,58.177227549897
0.136799132276447,55.2505022335829,0.009,55.5010351050002
0.130128152615947,52.4970678764306,0.00905,52.8111486101712
0.123424579238447,49.8034037726287,0.0091,50.1082317546528
0.116666785771469,47.1572206058307,0.00915,47.3929514427345
0.109843379768835,44.5323117819307,0.0092,44.6659776292037
0.102956768534254,41.8944106349636,0.00925,41.9279831540441
0.096015447762107,39.2257072240454,0.0093,39.1796435764233
0.0890325465647643,36.5154471925003,0.00935,36.4216370080076
0.0820237368668395,33.7591049532998,0.0094,33.6546439456488
0.0750002214922315,30.967871102011,0.00945,30.8793471034816
0.0679693358501905,28.1538549661105,0.0095,28.0964312444743
0.060935162329182,25.3273616514019,0.00955,25.3065830114732
0.0538974642981202,22.4999437176866,0.0096,22.5104907577846
0.0468531815964826,19.6796517637958,0.00965,19.7088443773333
0.0398000915671264,16.865995269817,0.0097,16.9023351344416
0.0327336321244656,14.0635070827744,0.00975,14.0916554932706
0.0256546645744633,11.2615651907335,0.0098,11.2774989469646
0.0185660845972553,8.45445422434198,0.00985,8.46055984654211
0.0114694989884728,5.64450481096523,0.0099,5.64153322957579
0.00437047417412401,2.82468883697836,0.00995,2.82111464870107
-0.0027278778270754,-0.000145248471791894,0.01,2.19952838283815e-14
-0.00982341218406765,-2.82631978023136,0.01005,-2.82111464870102
-0.0169121780325519,-5.65620330376143,0.0101,-5.64153322957591
-0.0239923484707709,-8.48504795734986,0.01015,-8.46055984654231
-0.0310640443104782,-11.3074491708402,0.0102,-11.2774989469646
-0.0381252479424055,-14.1265043481917,0.01025,-14.0916554932707
-0.045174431115695,-16.9412397110957,0.0103,-16.9023351344417
-0.0522116148971318,-19.7478143287193,0.01035,-19.7088443773333
-0.0592341103491674,-22.5507502937729,0.0104,-22.5104907577847
-0.0662404124433121,-25.3478061520374,0.01045,-25.3065830114733
-0.0732301532905021,-28.1357271936979,0.0105,-28.0964312444743
-0.0802000119612045,-30.9195722818756,0.01055,-30.8793471034816
-0.0871498805975765,-33.6929663693752,0.0106,-33.6546439456488
-0.0940768713243198,-36.4600598669472,0.01065,-36.4216370080076
-0.100977718089714,-39.2216898595915,0.0107,-39.1796435764234
-0.107852279534791,-41.9708743069894,0.01075,-41.9279831540443
-0.114698163278797,-44.7105829609949,0.0108,-44.6659776292037
-0.121513301175486,-47.4400909655683,0.01085,-47.3929514427346
-0.12829690493041,-50.1560735118718,0.0109,-50.1082317546528
-0.135048076489032,-52.8577412361787,0.01095,-52.8111486101712
-0.141763625187018,-55.5492147809101,0.011,-55.5010351050003
-0.148443927800297,-58.223257990275,0.01105,-58.177227549897
-0.15508647918118,-60.8841597322961,0.0111,-60.8390656344203
-0.161688546887737,-63.5325529045013,0.01115,-63.4858925898527
-0.168251099859473,-66.1603379943606,0.0112,-66.1170553512485
-0.174770713933616,-68.7748152231334,0.01125,-68.7319047185671
-0.181305369126562,-71.2514984318784,0.0113,-71.3297955168539
-0.187819402849526,-73.7659582821241,0.01135,-73.9100867554275
-0.194270514981927,-76.3590839728076,0.0114,-76.4721417860346
-0.20063127289106,-79.0013400884182,0.01145,-79.0153284599333
-0.206890354046159,-81.6499130018613,0.0115,-81.5390192838662
-0.213048076980064,-84.271370807524,0.01155,-84.0425915748854
-0.219115009221777,-86.8388478880128,0.0116,-86.5254276139897
-0.225106446764225,-89.3395375871285,0.01165,-88.986914798538
-0.231039159882712,-91.7705316349968,0.0117,-91.4264457933996
-0.236923183972659,-94.1475525484402,0.01175,-93.8434186808049
-0.242762974206367,-96.4862751624412,0.0118,-96.23723710886
-0.248558931522624,-98.798242036328,0.01185,-98.6073104386873
-0.254304783973611,-101.09883875168,0.0119,-100.953053890157
-0.259992448397916,-103.393242080514,0.01195,-103.273888686171
-0.26561394744623,-105.680550211712,0.012,-105.569242195473
-0.271164955218935,-107.951582769283,0.01205,-107.83854807393
-0.276640887141374,-110.20419344887,0.0121,-110.081246404272
-0.282039962938056,-112.431358598738,0.01215,-112.296783834245
-0.287364027840125,-114.623921941943,0.0122,-114.48461371314
-0.292613642003941,-116.782893516093,0.01225,-116.644196226671
-0.297789809577476,-118.907484251981,0.0123,-118.774998530168
-0.302893086590696,-120.998422712542,0.01235,-120.876494880046
-0.307925010864335,-123.053722592771,0.0124,-122.948166763526
-0.312883749443106,-125.07987715423,0.01245,-124.98950302657
-0.317767027136421,-127.078496391757,0.0125,-127
-0.322572791857859,-129.048838373331,0.01255,-128.979161623772
-0.327299134920629,-130.989926470751,0.0126,-130.92649956937
-0.331943413945192,-132.902566953071,0.01265,-132.841533360295
-0.336503553188516,-134.785162740221,0.0127,-134.723790490613
-0.340978004549981,-136.635845190513,0.01275,-136.572806541544
-0.345367321651721,-138.449585785341,0.0128,-138.388125296043
-0.349670060494411,-140.229435671272,0.01285,-140.169298851371
-0.353885105304185,-141.974938931118,0.0129,-141.915887729605
-0.35801135303564,-143.685664943525,0.01295,-143.627460986076
-0.362047712124501,-145.361197794427,0.013,-145.303596315692
-0.365994828292786,-146.997615704588,0.01305,-146.943880157141
-0.369850827047655,-148.599270845428,0.0131,-148.547907794931
-0.373614072770744,-150.166082384891,0.01315,-150.115283459241
-0.37728300763916,-151.697494867196,0.0132,-151.645620423582
-0.380856274810259,-153.192636013862,0.01325,-153.138541100205
-0.384334391406892,-154.647207970214,0.0133,-154.593677133273
-0.387715719591236,-156.064762305927,0.01335,-156.010669489743
-0.39099899310178,-157.444868744943,0.0134,-157.389168547954
-0.394183082716838,-158.786877497085,0.01345,-158.728834183891
-0.397267034765615,-160.090048948299,0.0135,-160.029335855103
-0.400250064401179,-161.35367516644,0.01355,-161.290352682263
-0.403133086462902,-162.573967789758,0.0136,-162.511573528339
-0.405914752421368,-163.754887224119,0.01365,-163.692697075359
-0.40859394838301,-164.896430479427,0.0137,-164.833431898762
-0.411169603137817,-165.998268816794,0.01375,-165.9334965393
-0.413640778347616,-167.059843364299,0.0138,-166.992619572483
-0.416006710701564,-168.080495045017,0.01385,-168.01053967555
-0.418266807911692,-169.059588671128,0.0139,-168.987005691949
-0.420420611125459,-169.996602618691,0.01395,-169.921776693299
-0.422469334369602,-170.887925598938,0.014,-170.814622038845
-0.424411766213334,-171.737963279046,0.01405,-171.665321432357
-0.426246951146422,-172.546809799839,0.0141,-172.473664976489
-0.427973990631254,-173.314184998783,0.01415,-173.239453224566
-0.429592143041988,-174.039552430541,0.0142,-173.962497229798
-0.431100867094293,-174.722272198713,0.01425,-174.642618591895
-0.432499812508012,-175.361742800048,0.0143,-175.279649501089
-0.433788773472551,-175.957500423522,0.01435,-175.873432779533
-0.434967625554707,-176.509262421433,0.0144,-176.42382192009
-0.436036265482782,-177.016918537001,0.01445,-176.930681122474
-0.436994567637653,-177.480485208637,0.0145,-177.393885326762
-0.437842363548327,-177.900043332643,0.01455,-177.813320244248
-0.438579443537162,-178.275678716403,0.0146,-178.188882385641
-0.439205574521908,-178.607438942849,0.01465,-178.520479086602
-0.439720525592508,-178.895312928556,0.0147,-178.808028530609
-0.440124093222381,-179.13923238107,0.01475,-179.051459769137
-0.440417686405854,-179.335898406669,0.0148,-179.250712739172
-0.440600181274735,-179.490091235586,0.01485,-179.405738278025
-0.440670902865031,-179.601666361711,0.0149,-179.516498135463
-0.4406293866207,-179.670101972831,0.01495,-179.582964983149
-0.440475442720093,-179.694717989035,0.015,-179.605122421383
-0.440209144365756,-179.674880512337,0.01505,-179.582964983149
-0.439830762104999,-179.610145935077,0.0151,-179.516498135463
-0.439339139812499,-179.503450023087,0.01515,-179.405738278025
-0.438735760452062,-179.34987596703,0.0152,-179.250712739172
-0.438021617645974,-179.149795855045,0.01525,-179.051459769137
-0.437197440058943,-178.904056384587,0.0153,-178.808028530609
-0.436263632173283,-178.613668346006,0.01535,-178.520479086602
-0.435220315291004,-178.279537577745,0.0154,-178.188882385641
-0.43406743348916,-177.902291985209,0.01545,-177.813320244248
-0.432804882465197,-177.482222160643,0.0155,-177.393885326762
-0.431432624312477,-177.019321222524,0.01555,-176.930681122474
-0.429950764018485,-176.513389130518,0.0156,-176.42382192009
-0.42835957885823,-175.964159928347,0.01565,-175.873432779533
-0.42665950547834,-175.371415334764,0.0157,-175.279649501088
-0.424851098482623,-174.735060661094,0.01575,-174.642618591895
-0.422934977723489,-174.055154223791,0.0158,-173.962497229798
-0.420911779877564,-173.33189490155,0.01585,-173.239453224566
-0.41878212490215,-172.565581430785,0.0159,-172.473664976489
-0.416545180719974,-171.759455243498,0.01595,-171.665321432357
-0.414202689028058,-170.908899789314,0.016,-170.814622038845
-0.411755830676855,-170.014590523191,0.01605,-169.921776693299
-0.409205543562147,-169.077478807677,0.0161,-168.987005691949
-0.406552513171201,-168.098546819972,0.01615,-168.01053967555
-0.403797233292832,-167.078619659828,0.0162,-166.992619572483
-0.400940104384426,-166.01826560551,0.01625,-165.9334965393
-0.3979815362054,-164.917786311164,0.0163,-164.833431898762
-0.394920684921723,-163.780014187213,0.01635,-163.692697075359
-0.39175937884998,-162.600084333366,0.0164,-162.511573528339
-0.388499009391752,-161.378420687473,0.01645,-161.290352682263
-0.385140816551278,-160.115808784312,0.0165,-160.029335855103
-0.381685833536036,-158.813188720134,0.01655,-158.72883418389
-0.378134901793679,-157.471465689145,0.0166,-157.389168547954
-0.37448737034602,-156.094159357863,0.01665,-156.010669489743
-0.370745159750707,-154.676785696489,0.0167,-154.593677133273
-0.366909606898584,-153.22016822915,0.01675,-153.138541100205
-0.362981850145418,-151.72527076328,0.0168,-151.645620423582
-0.358962846028831,-150.193017345667,0.01685,-150.115283459241
-0.354851987960803,-148.62711128807,0.0169,-148.54790779493
-0.350651411021642,-147.022782065725,0.01695,-146.943880157141
-0.346362618938433,-145.380946872192,0.017,-145.303596315692
-0.341986891399901,-143.702682416952,0.01705,-143.627460986076
-0.337525300981389,-141.989023989965,0.0171,-141.915887729605
-0.33297745702271,-140.243526229443,0.01715,-140.169298851371
-0.328345505307405,-138.461856696155,0.0172,-138.388125296042
-0.323630985205503,-136.644981463074,0.01725,-136.572806541544
-0.318835227764467,-134.793974660471,0.0173,-134.723790490613
-0.31395794622636,-132.912768114153,0.01735,-132.841533360295
-0.309001529879311,-130.996845800031,0.0174,-130.92649956937
-0.303967651575932,-129.047411722742,0.01745,-128.979161623772
-0.298857706155288,-127.065757772852,0.0175,-127
-0.293671419000622,-125.055981189626,0.01755,-124.98950302657
-0.28841117718529,-123.013637311364,0.0176,-122.948166763526
-0.283078652648703,-120.939949941066,0.01765,-120.876494880046
-0.277675260216669,-118.836181947323,0.0177,-118.774998530168
-0.272200853531829,-116.706218151594,0.01775,-116.644196226671
-0.266657828774992,-114.545846742504,0.0178,-114.48461371314
-0.261047917056871,-112.356246002605,0.01785,-112.296783834245
-0.255372615037478,-110.138643625393,0.0179,-110.081246404272
-0.24963200884224,-107.896633889552,0.01795,-107.83854807393
-0.243828475832514,-105.626507090744,0.018,-105.569242195473
-0.237963778317506,-103.329441158872,0.01805,-103.273888686171
-0.232038649658052,-101.008295453444,0.0181,-100.953053890156
-0.226054561827647,-98.6624899687695,0.01815,-98.6073104386872
-0.220013747138824,-96.290862824872,0.0182,-96.23723710886
-0.213917959075384,-93.8947853554026,0.01825,-93.8434186808048
-0.207767511617918,-91.4779929313329,0.0183,-91.4264457933996
-0.201564838550509,-89.0371997150131,0.01835,-88.9869147985379
-0.195311736778142,-86.573728535612,0.0184,-86.5254276139897
-0.189008487898644,-84.0914729219635,0.01845,-84.0425915748852
-0.182657643055367,-81.5868734035742,0.0185,-81.5390192838661
-0.17626109550591,-79.0612676466982,0.01855,-79.0153284599332
-0.169816364092691,-76.5243969828031,0.0186,-76.4721417860346
-0.163322882152031,-73.974125994474,0.01865,-73.9100867554274
-0.156778495766977,-71.4135097770545,0.0187,-71.3297955168538
-0.150180874318514,-68.8435096405144,0.01875,-68.731904718567
-0.143532362482587,-66.2548129579012,0.0188,-66.1170553512485
-0.136836474085674,-63.6440404975241,0.01885,-63.4858925898526
-0.130094751809862,-61.0155228524075,0.0189,-60.8390656344203
-0.123313718095329,-58.3605785865387,0.01895,-58.1772275498968
-0.116497015378163,-55.6847989323272,0.019,-55.5010351050003
-0.109648263762475,-52.9901937745301,0.01905,-52.8111486101711
-0.102771657370257,-50.2768353199561,0.0191,-50.1082317546527
-0.0958687401792636,-47.5510556858074,0.01915,-47.3929514427345
-0.0889397967747722,-44.8171186463749,0.0192,-44.6659776292036
-0.0819882990406509,-42.0696373374006,0.01925,-41.9279831540442
-0.0750146243124555,-39.31467900172,0.0193,-39.1796435764233
-0.0680196663940852,-36.5526638912756,0.01935,-36.4216370080074
-0.06100606257137,-33.7805221036576,0.0194,-33.6546439456488
-0.0539760151350903,-30.9992337155997,0.01945,-30.8793471034815
-0.0469310573127459,-28.2109605796159,0.0195,-28.0964312444743
-0.0398732657923309,-25.415513713802,0.01955,-25.3065830114731
-0.0328037112348294,-22.6154962099276,0.0196,-22.5104907577847
-0.0257256978228914,-19.8072908802184,0.01965,-19.7088443773333
-0.0186425892009938,-16.9908679323502,0.0197,-16.9023351344414
-0.011554664978273,-14.1732863159622,0.01975,-14.0916554932706
-0.00446438935227911,-11.3517396461445,0.0198,-11.2774989469646
0.00262641424179771,-8.52763458763305,0.01985,-8.46055984654221
0.00971746713609098,-5.70492662123504,0.0199,-5.64153322957581
0.0168067064099678,-2.88104065583088,0.01995,-2.82111464870093
0.0238915603792536,-0.0550379890142642,0.02,-4.39905676567631e-14
0.0309722646825512,2.7668713404026,0.02005,2.82111464870116
0.0380462950831828,5.58888745545783,0.0201,5.64153322957573
0.0451114366233201,8.41051156963994,0.02015,8.46055984654229
0.052167060227155,11.2277944586009,0.0202,11.2774989469648
0.0592098551472329,14.0450691144091,0.02025,14.0916554932706
0.0662384508176546,16.8584191396991,0.0203,16.9023351344418
0.0732527316994647,19.6640542241318,0.02035,19.7088443773333
0.0802495200292191,22.4671963329795,0.0204,22.5104907577848
0.087229376631594,25.2604542785964,0.02045,25.3065830114732
0.0941900061681834,28.0480400354712,0.0205,28.0964312444743
0.101128071761561,30.8322360406954,0.02055,30.8793471034817
0.108043555202057,33.6059149333614,0.0206,33.6546439456488
0.114933913184444,36.3725789315815,0.02065,36.4216370080077
0.121797067081789,39.1312781272585,0.0207,39.1796435764234
0.128631943792832,41.8791856277124,0.02075,41.9279831540442
0.13543759330341,44.6150739405057,0.0208,44.6659776292039
0.142210828197533,47.342846876814,0.02085,47.3929514427345
0.148952798455545,50.0536474656555,0.0209,50.108231754653
0.15565978643676,52.7556069837958,0.02095,52.8111486101712
0.162329994115325,55.4455163057974,0.021,55.5010351050004
0.168963436495753,58.1185215708658,0.02105,58.177227549897
0.175557636189411,60.7785112151132,0.0211,60.8390656344203
0.182109851227824,63.4261154928465,0.02115,63.4858925898528
0.188617482303613,66.0604773591506,0.0212,66.1170553512485
0.195074183585788,68.6884146481646,0.02125,68.7319047185671
0.201474319415131,71.3085755978939,0.0213,71.3297955168538
0.207815293487652,73.9134554895936,0.02135,73.9100867554275
0.214094282719982,76.5015391502822,0.0214,76.4721417860348
0.220310556206504,79.0677164804862,0.02145,79.0153284599332
0.226466188261406,81.605067251645,0.0215,81.5390192838663
0.232561847880545,84.115322323021,0.02155,84.0425915748853
0.238598417377591,86.5983159740389,0.0216,86.5254276139897
0.244576331882138,89.054865028538,0.02165,88.9869147985382
0.250497096453283,91.4827857680035,0.0217,91.4264457933996
0.256359019065215,93.8881539710526,0.02175,93.8434186808051
0.262160176242875,96.2720660810288,0.0218,96.23723710886
0.267900007427057,98.6313814249501,0.02185,98.6073104386873
0.273575789720427,100.969549237729,0.0219,100.953053890156
0.279185333494155,103.285457673859,0.02195,103.273888686171
0.284726901372704,105.57738522706,0.022,105.569242195473
0.290201012000346,107.839904797577,0.02205,107.83854807393
0.295605965411877,110.076352580083,0.0221,110.081246404272
0.300940555084888,112.285866734685,0.02215,112.296783834245
0.306205173224584,114.464609735694,0.0222,114.48461371314
0.311398151492942,116.615878818435,0.02225,116.644196226671
0.316517998783579,118.739452683638,0.0223,118.774998530168
0.32156323163086,120.834814544098,0.02235,120.876494880046
0.326533981756302,122.898126090305,0.0224,122.948166763526
0.331428272616712,124.932755155144,0.02245,124.98950302657
0.336244417908756,126.938234292395,0.0225,127
0.340980861768483,128.913741810089,0.02255,128.979161623772
0.345637729962008,130.855260182689,0.0226,130.92649956937
0.350213198853698,132.765825685578,0.02265,132.841533360295
0.354705761094583,134.644905667625,0.0227,134.723790490613
0.359114035760737,136.491728348192,0.02275,136.572806541544
0.363436810992475,138.305419065581,0.0228,138.388125296042
0.367674746397668,140.081650251424,0.02285,140.169298851371
0.371826045349595,141.824543632724,0.0229,141.915887729605
0.375889222814012,143.533813293789,0.02295,143.627460986076
0.379862882617193,145.208839041945,0.023,145.303596315692
0.383745797191864,146.848798829271,0.02305,146.943880157141
0.38753868229514,148.449252532196,0.0231,148.547907794931
0.391239739169405,150.014455091666,0.02315,150.115283459241
0.394847560687287,151.544010716451,0.0232,151.645620423582
0.39836088381881,153.037206473223,0.02325,153.138541100205
0.401778652160742,154.493174633767,0.0233,154.593677133273
0.405101581773122,155.907869319254,0.02335,156.010669489743
0.408328171548297,157.285042989918,0.0234,157.389168547954
0.411457252631749,158.624398549615,0.02345,158.728834183891
0.414487761772316,159.925383519287,0.0235,160.029335855103
0.417418796033356,161.187310737313,0.02355,161.290352682263
0.420249620802353,162.409484057729,0.0236,162.511573528339
0.422980791183657,163.588953734071,0.02365,163.692697075359
0.425611574621115,164.7277918751,0.0237,164.833431898762
0.428140829255962,165.827038423226,0.02375,165.9334965393
0.43056755135698,166.886360030185,0.0238,166.992619572483
0.432890877525463,167.905186391783,0.02385,168.01053967555
0.435110125963322,168.88284895005,0.0239,168.987005691949
0.437224789231286,169.818711217676,0.02395,169.921776693299
0.439234492397669,170.712261144632,0.024,170.814622038845
0.441138935413148,171.563152583588,0.02405,171.665321432357
0.442939338771197,172.368140450725,0.0241,172.473664976489
0.444634485862938,173.131722526792,0.02415,173.239453224566
0.446223440367839,173.853958399889,0.0242,173.962497229798
0.447705353450152,174.534501764528,0.02425,174.642618591895
0.449079564728036,175.172747795507,0.0243,175.279649501089
0.450345638124397,175.768008883224,0.02435,175.873432779533
0.451503340212021,176.319668916728,0.0244,176.42382192009
0.452552580737755,176.82728399858,0.02445,176.930681122474
0.453493339273025,177.290618543304,0.0245,177.393885326762
0.454325599311975,177.709624184213,0.02455,177.813320244248
0.455049303988188,178.084380953285,0.0246,178.188882385641
0.455664338777751,178.415024490935,0.02465,178.520479086602
0.456170538654332,178.701680484738,0.0247,178.808028530609
0.456567711855584,178.944420467112,0.02475,179.051459769137
0.456855670349007,179.143244369727,0.0248,179.250712739172
0.457034257941988,179.298087376378,0.02485,179.405738278025
0.457103369823111,179.408843326646,0.0249,179.516498135463
0.457062960961257,179.475394842047,0.02495,179.582964983149
0.456913044141168,179.497641176224,0.025,179.605122421383
0.459653371739601,173.364493223221,0.02505,179.582964983149
0.468759807792115,159.395789012592,0.0251,179.516498135463
0.484321108060746,144.6758958916,0.02515,179.405738278025
0.504534222746537,134.364475848979,0.0252,179.250712739172
0.526675594055316,130.977131327208,0.02525,179.051459769137
0.548022220587027,134.525128442185,0.0253,178.808028530609
0.5665123820914,143.227310061109,0.02535,178.520479086602
0.58105882140173,154.456955132739,0.0254,178.188882385641
0.591536912000863,165.625317273072,0.02545,177.813320244248
0.598543373358344,174.80393517395,0.0255,177.393885326762
0.603050793939533,181.006335259331,0.02555,176.930681122474
0.606072773913559,184.157592126835,0.0256,176.42382192009
0.608412351571243,184.862206555178,0.02565,175.873432779533
0.610539395737076,184.057557124735,0.0257,175.279649501088
0.612584130534306,182.694802095901,0.02575,174.642618591895
0.614416498039808,181.506355106547,0.0258,173.962497229798
0.615766965395694,180.893754962319,0.02585,173.239453224566
0.616347157672795,180.928764851669,0.0259,172.473664976488
0.615940684694562,181.434921644299,0.02595,171.665321432357
0.614450324376654,182.106491437927,0.026,170.814622038845
0.61190238103251,182.624973015572,0.02605,169.921776693299
0.60841929887014,182.745303328236,0.0261,168.987005691949
0.60417622278194,182.339309278011,0.02615,168.01053967555
0.599356644770608,181.397991956217,0.0262,166.992619572483
0.594117235809324,180.005765856958,0.02625,165.9334965393
0.588572278616111,178.290101604875,0.0263,164.833431898762
0.582787568874759,176.390576683269,0.02635,163.692697075359
0.576789511563671,174.421662679859,0.0264,162.511573528339
0.570579531534591,172.456846297375,0.02645,161.290352682263
0.564152460676355,170.520269550512,0.0265,160.029335855103
0.557506650215293,168.605184625989,0.02655,158.728834183891
0.550650796029538,166.685875024013,0.0266,157.389168547954
0.543608368246464,164.725845742845,0.02665,156.010669489743
0.536412142387988,162.700117762043,0.0267,154.593677133273
0.529098871079944,160.598197288008,0.02675,153.138541100205
0.521706341172677,158.418838934469,0.0268,151.645620423582
0.514266407198252,156.176729630869,0.02685,150.115283459241
0.506802477816953,153.893617286239,0.0269,148.547907794931
0.499331091739406,151.587959185751,0.02695,146.943880157141
0.491860004251031,149.280392465334,0.027,145.303596315692
0.484393974973033,146.978890154287,0.02705,143.627460986076
0.476933900923785,144.690462296364,0.0271,141.915887729605
0.469478530258266,142.418049982365,0.02715,140.169298851371
0.462028533987537,140.155423154481,0.0272,138.388125296042
0.454584434581412,137.899357641773,0.02725,136.572806541544
0.447146450432325,135.647718454521,0.0273,134.723790490613
0.439716309555576,133.395038342447,0.02735,132.841533360295
0.432293551362997,131.143165545868,0.0274,130.92649956937
0.424878843087625,128.888418255574,0.02745,128.979161623772
0.417470666226412,126.63314387709,0.0275,127
0.410065028357738,124.381243647716,0.02755,124.989503026569
0.402658659577575,122.130179262233,0.0276,122.948166763526
0.395246761587394,119.88104608124,0.02765,120.876494880045
0.387823200841421,117.635166174634,0.0277,118.774998530168
0.380383354949099,115.388061732943,0.02775,116.644196226671
0.372922133206572,113.138572865406,0.0278,114.48461371314
0.36543399496642,110.886208323128,0.02785,112.296783834245
0.357915055931329,108.626377761477,0.0279,110.081246404272
0.350360288582576,106.359790770493,0.02795,107.83854807393
0.342766790918809,104.081441733402,0.028,105.569242195473
0.335131097402045,101.791137420029,0.02805,103.273888686171
0.327448884827041,99.4901969754964,0.0281,100.953053890157
0.319717566106778,97.1748856544939,0.02815,98.6073104386871
0.311933092878435,94.8473559840569,0.0282,96.2372371088598
0.304093702317505,92.5030869013801,0.02825,93.8434186808049
0.29619713188459,90.1423651366596,0.0283,91.4264457933995
0.288240320109554,87.7669700519321,0.02835,88.986914798538
0.280222263638794,85.3730591438255,0.0284,86.5254276139896
0.272141688555166,82.9608132054174,0.02845,84.0425915748851
0.263996833439908,80.5316048060476,0.0285,81.5390192838661
0.255787681818562,78.0824288229219,0.02855,79.0153284599331
0.247513190298558,75.6153761467269,0.0286,76.4721417860346
0.239174305482238,73.1272139046931,0.02865,73.9100867554273
0.230770580911061,70.6208956003971,0.0287,71.3297955168538
0.222303701261518,68.093158268058,0.02875,68.7319047185669
0.213774803206725,65.545333750916,0.0288,66.1170553512482
0.205184114197412,62.9802696477188,0.02885,63.4858925898526
0.196533584472734,60.3955876021689,0.0289,60.8390656344203
0.187823858868714,57.7943369266342,0.02895,58.1772275498969
0.179057508748228,55.1738045477719,0.029,55.5010351050003
0.17023354480316,52.5416396584943,0.02905,52.8111486101712
0.161350932142187,49.8997464706755,0.0291,50.1082317546529
0.152406191167166,47.2538167357301,0.02915,47.3929514427345
0.143396913575268,44.6027454793997,0.0292,44.6659776292038
0.134323590960274,41.9406037005393,0.02925,41.9279831540442
0.125187812527167,39.2646876764568,0.0293,39.1796435764232
0.11599533799626,36.5668218478044,0.02935,36.4216370080076
0.106751553399411,33.8476640672881,0.0294,33.6546439456486
0.0974637195140947,31.1048690236518,0.02945,30.8793471034816
0.08813688202695,28.3440745431663,0.0295,28.0964312444741
0.0787767883823277,25.566090548152,0.02955,25.3065830114733
0.0693864648040422,22.7778292458167,0.0296,22.5104907577846
0.0599698411182248,19.9795181536252,0.02965,19.7088443773331
0.0505287030119347,17.1764284287103,0.0297,16.9023351344416
0.0410664883065652,14.3667114170565,0.02975,14.0916554932704
0.031586852985511,11.5503267845996,0.0298,11.2774989469646
0.0220920938841605,8.73081505607292,0.02985,8.46055984654208
0.0125868641740192,5.90460813873198,0.0299,5.64153322957552
0.00307399684729526,3.07564206433692,0.02995,2.82111464870095
-0.00644292984318012,0.243762286085716,0.03,-2.53056936119398e-13
-0.015960947276108,-2.58910426385226,0.03005,-2.82111464870114
-0.0254758032182126,-5.42459452200815,0.0301,-5.64153322957602
-0.0349855825385817,-8.25746186042089,0.03015,-8.46055984654226
-0.0444857535454443,-11.0916083757865,0.0302,-11.2774989469648
-0.0539745511768802,-13.9213178337991,0.03025,-14.0916554932706
-0.0634485481486344,-16.7484950029935,0.0303,-16.9023351344418
-0.0729058478869593,-19.5697403336934,0.03035,-19.7088443773333
-0.0823429602624379,-22.3872432395415,0.0304,-22.5104907577848
-0.0917586807490226,-25.1961107078722,0.03045,-25.3065830114735
-0.101149342620979,-28.0001222329519,0.0305,-28.0964312444743
-0.110512980951952,-30.7958461540483,0.03055,-30.8793471034818
-0.119846229252609,-33.5850597151089,0.0306,-33.6546439456488
-0.129146323975304,-36.3662356018397,0.03065,-36.4216370080078
-0.138412221683585,-39.1350364625171,0.0307,-39.1796435764234
-0.147641197828612,-41.8937832583501,0.03075,-41.9279831540444
-0.15683228437411,-44.6387980298918,0.0308,-44.665977629204
-0.165982194769424,-47.3738238477685,0.03085,-47.3929514427347
-0.175089907236548,-50.0943189915755,0.0309,-50.1082317546531
-0.184131206110805,-52.8463724744085,0.03095,-52.8111486101713
-0.193112417458047,-55.5727311797828,0.031,-55.5010351050005
-0.202036703520345,-58.2698975287291,0.03105,-58.1772275498973
-0.210904373077557,-60.9435161894781,0.0311,-60.8390656344205
-0.219711782272107,-63.6027116259563,0.03115,-63.4858925898531
-0.228454260995533,-66.2506610669827,0.0312,-66.1170553512486
-0.237128585315285,-68.8842092407455,0.03125,-68.731904718567
-0.24573023044312,-71.504828405665,0.0313,-71.3297955168543
-0.254257516847054,-74.1062436953797,0.03135,-73.9100867554278
-0.262708114763483,-76.6882750856781,0.0314,-76.4721417860347
-0.271082190062897,-79.2453980923792,0.03145,-79.0153284599335
-0.279378878968878,-81.7786256366206,0.0315,-81.5390192838663
-0.28759771194216,-84.2871387286096,0.03155,-84.0425915748855
-0.295739729406269,-86.767534998806,0.0316,-86.5254276139897
-0.303803617245324,-89.2240015812963,0.03165,-88.9869147985382
-0.311789313850704,-91.6544369767222,0.0317,-91.4264457933999
-0.319694704380944,-94.0624495343441,0.03175,-93.8434186808051
-0.327517679834504,-96.4482144937339,0.0318,-96.23723710886
-0.335257783231363,-98.807898137196,0.03185,-98.6073104386873
-0.342912542593825,-101.144629476887,0.0319,-100.953053890157
-0.35048123376407,-103.454888755461,0.03195,-103.273888686172
-0.357961636813028,-105.740766566409,0.032,-105.569242195473
-0.365351846336949,-108.001506826974,0.03205,-107.83854807393
-0.372651663287294,-110.23302795017,0.0321,-110.081246404272
-0.379859033042152,-112.438136862157,0.03215,-112.296783834245
-0.386972130797649,-114.616418222341,0.0322,-114.48461371314
-0.393990853634035,-116.763840154087,0.03225,-116.644196226671
-0.40091291153981,-118.883912783521,0.0323,-118.774998530168
-0.407737463050033,-120.973840191249,0.03235,-120.876494880046
-0.414462211629374,-123.035764389035,0.0324,-122.948166763525
-0.421084991650956,-125.069318745641,0.03245,-124.98950302657
-0.427604996239143,-127.071185641872,0.0325,-127
-0.434020052304683,-129.043254655639,0.03255,-128.979161623772
-0.440328170222854,-130.985046174422,0.0326,-130.92649956937
-0.446528654916059,-132.893401062392,0.03265,-132.841533360295
-0.452619495472965,-134.770174188112,0.0327,-134.723790490614
-0.458598787715905,-136.615079547468,0.03275,-136.572806541544
-0.46446467174633,-138.42757275348,0.0328,-138.388125296043
-0.470216957490859,-140.203765001167,0.03285,-140.169298851371
-0.475853479115877,-141.946819517259,0.0329,-141.915887729605
-0.481372277860928,-143.656494337534,0.03295,-143.627460986076
-0.48677276783504,-145.329560927068,0.033,-145.303596315692
-0.492052855358368,-146.968309112409,0.03305,-146.943880157141
-0.497210635158393,-148.572397589785,0.0331,-148.547907794931
-0.502244319759156,-150.1411635713,0.03315,-150.115283459241
-0.507153694150899,-151.670948442718,0.0332,-151.645620423582
-0.51193689037496,-153.16434189884,0.03325,-153.138541100205
-0.516592253479442,-154.621070672981,0.0333,-154.593677133273
-0.521118212952753,-156.040614899296,0.03335,-156.010669489743
-0.525514626920366,-157.419690862662,0.0334,-157.389168547954
-0.529779801736534,-158.76078456919,0.03345,-158.728834183891
-0.533912218570038,-160.063726580545,0.0335,-160.029335855103
-0.537910432226788,-161.328078187844,0.03355,-161.290352682263
-0.541773137206321,-162.553234154119,0.0336,-162.511573528339
-0.545500552421251,-163.735765666495,0.03365,-163.692697075359
-0.549091157701134,-164.878591918521,0.0337,-164.833431898762
-0.552543641477017,-165.981605647684,0.03375,-165.9334965393
-0.555856764516517,-167.044434951474,0.0338,-166.992619572483
-0.559029425173715,-168.066542973754,0.03385,-168.010539675551
-0.5620606826596,-169.047342151398,0.0339,-168.987005691949
-0.564951146352092,-169.983435464727,0.03395,-169.9217766933
-0.567699506151241,-170.878198303952,0.034,-170.814622038845
-0.570304683389494,-171.731616827119,0.03405,-171.665321432357
-0.572765669815998,-172.543396376845,0.0341,-172.473664976489
-0.575081597177368,-173.313064816565,0.03415,-173.239453224566
-0.577251762807529,-174.040092317949,0.0342,-173.962497229798
-0.579275617586368,-174.723993626282,0.03425,-174.642618591895
-0.581152729963162,-175.364392908316,0.0343,-175.279649501089
-0.58288405392606,-175.958372700522,0.03435,-175.873432779533
-0.584468582867842,-176.509559529172,0.0344,-176.42382192009
-0.585905530630126,-177.018078221304,0.03445,-176.930681122474
-0.587194177008729,-177.483736168952,0.0345,-177.393885326762
-0.588333947323404,-177.906135436701,0.03455,-177.813320244248
-0.589324443337717,-178.284805347484,0.0346,-178.188882385641
-0.590165431966338,-178.619317303114,0.03465,-178.520479086602
-0.590856806637042,-178.909358970494,0.0347,-178.808028530609
-0.59139834534924,-179.155155058997,0.03475,-179.051459769137
-0.591790397856193,-179.355616776526,0.0348,-179.250712739172
-0.592032899956894,-179.511502065739,0.03485,-179.405738278025
-0.592125819010513,-179.622949455586,0.0349,-179.516498135463
-0.592069112866934,-179.690068504766,0.03495,-179.582964983149
-0.591862751699776,-179.712919562314,0.035,-179.605122421383
-0.587258637204238,-188.345824881564,0.03505,-179.582964983149
-0.573829987861044,-206.958754344864,0.0351,-179.516498135463
-0.551656863203458,-225.992453434424,0.03515,-179.405738278025
-0.523419407056011,-238.418862351449,0.0352,-179.250712739172
-0.49307445698805,-240.795953389778,0.03525,-179.051459769137
-0.464554198910651,-233.186240049474,0.0353,-178.808028530609
-0.440800104192182,-218.240052680575,0.03535,-178.520479086602
-0.423272784055341,-199.901019895909,0.0354,-178.188882385641
-0.411944090387708,-182.112409997265,0.03545,-177.813320244248
-0.405648984922003,-167.854039657409,0.0355,-177.393885326762
-0.402624875931289,-158.649255227651,0.03555,-176.930681122474
-0.401056104696602,-154.557808038148,0.0356,-176.42382192009
-0.399496195102863,-154.515154800165,0.03565,-175.873432779533
-0.397093028078722,-156.864632227345,0.0357,-175.279649501089
-0.393619446889222,-159.885565903739,0.03575,-174.642618591895
-0.389340582585842,-162.22387104828,0.0358,-173.962497229798
-0.384799664110053,-163.111814879233,0.03585,-173.239453224566
-0.380592043255831,-162.394451178113,0.0359,-172.473664976489
-0.377185477918935,-160.401756575158,0.03595,-171.665321432357
-0.374817196887299,-157.739125824348,0.036,-170.814622038845
-0.373478748845202,-155.054030686222,0.03605,-169.921776693299
-0.372960788536586,-152.869753143721,0.0361,-168.987005691949
-0.372939265617757,-151.479225579909,0.03615,-168.01053967555
-0.373068944433519,-150.92560759188,0.0362,-166.992619572483
-0.373060017635632,-151.048890289706,0.03625,-165.9334965393
-0.372723472369426,-151.570550947688,0.0363,-164.833431898762
-0.371982041520097,-152.186136634926,0.03635,-163.692697075359
-0.370852694148221,-152.641338453676,0.0364,-162.511573528339
-0.369411998580876,-152.777281584484,0.03645,-161.290352682263
-0.367756970582147,-152.541810981892,0.0365,-160.029335855103
-0.36597192323029,-151.972596106934,0.03655,-158.728834183891
-0.364107724950186,-151.163226782753,0.0366,-157.389168547954
-0.36217525212462,-150.224763910972,0.03665,-156.010669489743
-0.3601509398759,-149.253157259039,0.0367,-154.593677133273
-0.357989941674116,-148.308891013108,0.03675,-153.138541100205
-0.355640350143913,-147.413417290634,0.0368,-151.645620423582
-0.353060564222796,-146.544554491663,0.03685,-150.115283459241
-0.350224975927854,-145.662185187978,0.0369,-148.54790779493
-0.347127102002815,-144.719162915539,0.03695,-146.943880157141
-0.343777313883706,-143.674694015474,0.037,-145.303596315692
-0.340197318354254,-142.502940792324,0.03705,-143.627460986076
-0.336413494022472,-141.195947790638,0.0371,-141.915887729605
-0.332449707573096,-139.764103891525,0.03715,-140.169298851371
-0.328326893938013,-138.221299838446,0.0372,-138.388125296042
-0.324058473275713,-136.590542926159,0.03725,-136.572806541543
-0.319651146493412,-134.893436175411,0.0373,-134.723790490613
-0.315105339368933,-133.149107723582,0.03735,-132.841533360294
-0.310422186339955,-131.360855316831,0.0374,-130.92649956937
-0.305602413917807,-129.531254371305,0.03745,-128.979161623772
-0.300648425797827,-127.658378196903,0.0375,-127
-0.295565043244381,-125.738143838965,0.03755,-124.98950302657
-0.290358211188795,-123.769009142213,0.0376,-122.948166763525
-0.285037856925696,-121.74419242881,0.03765,-120.876494880045
-0.27961392606947,-119.664509024913,0.0377,-118.774998530167
-0.274094227668865,-117.536502403236,0.03775,-116.644196226671
-0.268488095008323,-115.359905979509,0.0378,-114.48461371314
-0.262802491031131,-113.141222251644,0.03785,-112.296783834245
-0.257042484155209,-110.886821659147,0.0379,-110.081246404272
-0.25121028876191,-108.604644244973,0.03795,-107.838548073929
-0.245309746256621,-106.293323393846,0.038,-105.569242195473
-0.239343670981815,-103.95536157712,0.03805,-103.273888686171
-0.233313173866885,-101.595212191707,0.0381,-100.953053890156
-0.227222224550886,-99.2081443780218,0.03815,-98.6073104386869
-0.22107425114042,-96.7950494635133,0.0382,-96.2372371088599
-0.214872507059926,-94.3570586971004,0.03825,-93.8434186808047
-0.208618741773382,-91.8980231667249,0.0383,-91.4264457933995
-0.202316771595455,-89.4148048724862,0.03835,-88.9869147985378
-0.195969496201524,-86.9093323318721,0.0384,-86.5254276139896
-0.189577939988666,-84.386311472394,0.03845,-84.0425915748851
-0.183145121969565,-81.8428077007126,0.0385,-81.5390192838658
-0.176673096559182,-79.2807755216354,0.03855,-79.0153284599331
-0.170159899260186,-76.7091839405389,0.0386,-76.4721417860346
-0.163603916200096,-74.1288354433805,0.03865,-73.9100867554273
-0.157003060815417,-71.5407456190455,0.0387,-71.3297955168535
-0.150354988113033,-68.9455123393663,0.03875,-68.7319047185666
-0.143660936921226,-66.3358385463492,0.0388,-66.1170553512485
-0.136924372667585,-63.7062819564739,0.03885,-63.4858925898526
-0.130146752259771,-61.0607414485422,0.0389,-60.83906563442
-0.123334480136827,-58.3904116378169,0.03895,-58.1772275498972
-0.116491048044979,-55.7008234994032,0.039,-55.5010351049998
-0.109619850904517,-52.9940270404022,0.03905,-52.8111486101712
-0.102724788179509,-50.2701398865622,0.0391,-50.1082317546526
-0.095807023794535,-47.5355702620893,0.03915,-47.3929514427342
-0.0888664975776279,-44.7944130838789,0.0392,-44.6659776292038
-0.081906261223986,-42.0413052086519,0.03925,-41.9279831540439
-0.0749262748537688,-39.282210978227,0.0393,-39.1796435764232
-0.067927106224541,-36.5172521098595,0.03935,-36.4216370080073
-0.060911153481302,-33.7430527606969,0.0394,-33.6546439456484
-0.0538803814147519,-30.9604786990768,0.03945,-30.8793471034817
-0.046836054494898,-28.1716859659809,0.0395,-28.0964312444738
-0.0397800059944448,-25.3763843287708,0.03955,-25.306583011473
-0.0327131791269213,-22.5768804207851,0.0396,-22.5104907577846
-0.0256387237554342,-19.7695353468581,0.03965,-19.7088443773331
-0.0185598041773037,-16.954385075744,0.0397,-16.9023351344416
-0.0114765793752122,-14.138313818141,0.03975,-14.0916554932701
-0.00439137497590231,-11.3185054328641,0.0398,-11.2774989469646
0.00269408929235609,-8.49627937781885,0.03985,-8.4605598465421
0.00977969386287819,-5.67567948187712,0.0399,-5.64153322957554
0.0168634821005861,-2.8540244491221,0.03995,-2.82111464870097
0.0239429375855512,-0.0302449920614406,0.04,5.5010443989556e-13
0.0310183959622997,2.78938050416418,0.04005,2.82111464870112
0.0380873959514048,5.60911915266218,0.0401,5.641533229576
0.0451477617879764,8.42853203255165,0.04015,8.46055984654256
0.0521988850346165,11.2437141366065,0.0402,11.2774989469644
0.0592374450304455,14.0590615462901,0.04025,14.0916554932709
0.0662628165084942,16.8691196095049,0.0403,16.9023351344418
0.0732735907124293,19.6740611496952,0.04035,19.7088443773336
0.080266843048253,22.4765029357519,0.0404,22.5104907577851
0.0872432635586272,25.2688416719267,0.04045,25.3065830114732
0.0942006801365943,28.0552773018029,0.0405,28.0964312444746
0.101135870258317,30.8381225287289,0.04055,30.8793471034818
0.108048887691698,33.6103541016567,0.0406,33.6546439456491
0.114937198906044,36.3756253762266,0.04065,36.4216370080078
0.121798694278662,39.1330928578953,0.0407,39.1796435764234
0.128632238191045,41.8800026031505,0.04075,41.9279831540447
0.135436807586228,44.6151467912923,0.0408,44.665977629204
0.142209147505314,47.3424055537248,0.04085,47.3929514427346
0.148950358155171,50.0528670197962,0.0409,50.1082317546531
0.155656691867455,52.7546014250776,0.04095,52.8111486101713
0.1623263432472,55.4443354048577,0.041,55.5010351050008
0.168959324160431,58.1171918505713,0.04105,58.177227549897
0.175553168750742,60.7770234546597,0.0411,60.8390656344204
0.182105137917068,63.4244722659849,0.04115,63.4858925898531
0.188612636195153,66.0586811415572,0.0412,66.1170553512486
0.195069312026241,68.6864871843656,0.04125,68.7319047185676
0.201469515958718,71.3065570879135,0.0413,71.3297955168539
0.20781063230496,73.911398257773,0.04135,73.9100867554277
0.214089817225815,76.4994971714521,0.0414,76.472141786035
0.220306320468385,79.0657377526806,0.04145,79.0153284599332
0.226462200550639,81.6031884531007,0.0415,81.5390192838662
0.232558115927578,84.1135651021597,0.04155,84.0425915748855
0.238594942912092,86.5966886894967,0.0416,86.52542761399
0.244573114148173,89.0533659817837,0.04165,88.9869147985384
0.250494134032675,91.4814078571723,0.0417,91.4264457933996
0.256356310846775,93.886887599945,0.04175,93.8434186808051
0.262157720876063,96.2709029218108,0.0418,96.2372371088603
0.267897802119582,98.6303163471696,0.04185,98.6073104386875
0.273573829483402,100.968579541709,0.0419,100.953053890157
0.279183610368872,103.284582840388,0.04195,103.273888686171
0.284725404242644,105.576605545578,0.042,105.569242195473
0.290199726836623,107.83922018936,0.04205,107.83854807393
0.295604876245521,110.075760931866,0.0421,110.081246404272
0.30093964491216,112.285363865856,0.04215,112.296783834245
0.306204424846537,114.464189656179,0.0422,114.48461371314
0.311397548372784,116.615533851714,0.04225,116.644196226671
0.316517525462479,118.739174493382,0.0423,118.774998530168
0.321562873888364,120.834594878433,0.04235,120.876494880046
0.326533726524725,122.897957409988,0.0424,122.948166763526
0.33142810786153,124.932630769829,0.04245,124.98950302657
0.336244332399895,126.938148553576,0.0425,127
0.340980844902475,128.913689976449,0.04255,128.979161623772
0.34563777166464,130.855238174965,0.0426,130.92649956937
0.350213289581643,132.765829799519,0.04265,132.841533360295
0.354705891893859,134.644932383262,0.0427,134.723790490613
0.359114198363241,136.491774206403,0.04275,136.572806541544
0.36343699791212,138.305480642696,0.0428,138.388125296043
0.367674951014333,140.081724176945,0.04285,140.169298851371
0.371826261900707,141.824626776892,0.0429,141.915887729606
0.375889446371185,143.533902815986,0.04295,143.627460986076
0.379863109021407,145.208932465359,0.043,145.303596315692
0.383746022966072,146.848894077025,0.04305,146.943880157142
0.38753890457253,148.449347876582,0.0431,148.54790779493
0.391239955566824,150.014549234639,0.04315,150.115283459242
0.394847769241468,151.544102648976,0.0432,151.645620423582
0.398361082936391,153.037295403739,0.04325,153.138541100205
0.401778840584899,154.493259927817,0.0433,154.593677133273
0.405101758579699,155.907950418625,0.04335,156.010669489743
0.408328336090817,157.285119497399,0.0434,157.389168547954
0.411457404527648,158.624470149938,0.04345,158.728834183891
0.414487900880262,159.925449977931,0.0435,160.029335855103
0.417418922425537,161.187371905366,0.04355,161.290352682263
0.420249734732242,162.40953987651,0.0436,162.511573528339
0.422981147561669,163.58848574216,0.04365,163.692697075359
0.425611910026893,164.727796106074,0.0437,164.833431898762
0.428141021910112,165.827374610514,0.04375,165.9334965393
0.430567547664448,166.886843541694,0.0438,166.992619572483
0.432890688121635,167.905644302882,0.04385,168.01053967555
0.435109807084232,168.883159187002,0.0439,168.987005691949
0.437224417621558,169.818819507621,0.04395,169.921776693299
0.439234141481029,170.712177219192,0.044,170.814622038845
0.441138658207074,171.562931761212,0.04405,171.665321432357
0.442939159982865,172.367858804228,0.0441,172.473664976489
0.444634402905672,173.131452993762,0.04415,173.239453224566
0.446223430677023,173.853753894487,0.0442,173.962497229798
0.44770538481406,174.534387282796,0.04425,174.642618591895
0.449079605363729,175.172721276062,0.0443,175.279649501089
0.450345664118114,175.768048421718,0.04435,175.873432779533
0.451503339180104,176.319742990204,0.0444,176.42382192009
0.452552551768652,176.827361462616,0.04445,176.930681122474
0.453493290099053,177.290676030753,0.0445,177.393885326762
0.454325542094534,177.709649760051,0.04455,177.813320244248
0.455049251089794,178.084374076762,0.0446,178.188882385641
0.455664299552958,178.414993220552,0.04465,178.520479086602
0.456170517784834,178.701637297204,0.0447,178.808028530609
0.456567709247635,178.944378054298,0.04475,179.051459769137
0.456855682226778,179.143212440884,0.0448,179.250712739172
0.4570342785715,179.298070991057,0.04485,179.405738278025
0.457103393289683,179.408842779815,0.0449,179.516498135463
0.457062982554956,179.475406740179,0.04495,179.582964983149
0.456913061111667,179.497660144116,0.045,179.605122421383
0.456653692391463,179.475538044798,0.04505,179.582964983149
0.45628497559398,179.409021229403,0.0451,179.516498135463
0.455807033653343,179.298133638456,0.04515,179.405738278025
0.455220004810954,179.142932527868,0.0452,179.250712739172
0.454524038953491,178.943495591252,0.04525,179.051459769137
0.453719298423645,178.699908940096,0.0453,178.808028530609
0.452805961994246,178.412258652734,0.04535,178.520479086602
0.451784230253226,178.080627054386,0.0454,178.188882385641
0.45065433074064,177.705093447734,0.04545,177.813320244248
0.449416521652467,177.285738001121,0.0455,177.393885326762
0.448071093568607,176.822647057333,0.04555,176.930681122474
0.446618369275855,176.31591821531,0.0456,176.42382192009
0.445058702198961,175.765664004535,0.04565,175.873432779533
0.443392474159519,175.172013609049,0.0457,175.279649501088
0.441620093162284,174.535112707178,0.04575,174.642618591895
0.439741991723596,173.855121933337,0.0458,173.962497229798
0.437756759352249,173.136017428948,0.04585,173.239453224566
0.435666941004402,172.370414996682,0.0459,172.473664976488
0.433473522794048,171.560616557084,0.04595,171.665321432357
0.431177310629348,170.707720544787,0.046,170.814622038845
0.428778819286012,169.81278849331,0.04605,169.921776693299
0.426278361340738,168.876649191988,0.0461,168.987005691949
0.423676169363237,167.899811231069,0.04615,168.01053967555
0.420972513251598,166.882477946453,0.0462,166.992619572483
0.41816778534619,165.824635393175,0.04625,165.9334965393
0.415261354857786,164.728589338793,0.0463,164.833431898762
0.412255099388859,163.589745932596,0.04635,163.692697075359
0.409150411197712,162.408690065082,0.0464,162.511573528339
0.405948466237253,161.1863715122,0.04645,161.290352682263
0.402650182939029,159.923855508304,0.0465,160.029335855103
0.399256260116922,158.622110502725,0.04655,158.72883418389
0.395765956874174,157.284539797745,0.0466,157.389168547954
0.392181115421005,155.906601539095,0.04665,156.010669489743
0.388502947168963,154.489194592887,0.0467,154.593677133273
0.384732454617267,153.033301832533,0.04675,153.138541100205
0.380870466152847,151.539817846206,0.0468,151.645620423582
0.376917710320982,150.009443893484,0.04685,150.115283459241
0.372873806381953,148.444889562553,0.0469,148.54790779493
0.368740684407701,146.842117329955,0.04695,146.943880157141
0.364519741811693,145.201961089618,0.047,145.303596315692
0.360212190164998,143.525397042097,0.04705,143.627460986076
0.355819067525546,141.81337257813,0.0471,141.915887729605
0.351340277666366,140.068760508446,0.04715,140.16929885137
0.346777806327929,138.288079041761,0.0472,138.388125296042
0.342133049518426,136.472405503669,0.04725,136.572806541544
0.33740718861112,134.622833243065,0.0473,134.723790490613
0.332600068305076,132.742710163306,0.04735,132.841533360295
0.327713870499831,130.828128124726,0.0474,130.92649956937
0.322750097909823,128.880307672468,0.04745,128.979161623772
0.317710002833884,126.90047038999,0.0475,127
0.312593436087924,124.892142477906,0.04755,124.98950302657
0.307402648288071,122.851333939747,0.0476,122.948166763525
0.302139197269044,120.77929891944,0.04765,120.876494880045
0.296804395699955,118.677274235196,0.0477,118.774998530167
0.291398214279424,116.548688028477,0.04775,116.644196226671
0.285922927824586,114.389755729895,0.0478,114.48461371314
0.28038014932308,112.201721686092,0.04785,112.296783834245
0.274771261816054,109.98580853344,0.0479,110.081246404272
0.269096436499534,107.745197573074,0.04795,107.83854807393
0.26335792015232,105.476563191633,0.048,105.569242195473
0.25755735602831,103.181122929158,0.04805,103.273888686171
0.251694926642406,100.862614978818,0.0481,100.953053890156
0.245773182799857,98.5172336424762,0.04815,98.6073104386869
0.239793920054258,96.1464673988856,0.0482,96.2372371088596
0.233757229752239,93.7546301561293,0.04825,93.843418680805
0.227665755259846,91.3376408894061,0.0483,91.4264457933995
0.221521295296962,88.897135180513,0.04835,88.9869147985378
0.215325321409907,86.4346535555742,0.0484,86.5254276139893
0.209077917027441,83.9538259370996,0.04845,84.0425915748848
0.202781381944331,81.4511273637009,0.0485,81.5390192838661
0.196437432232813,78.9277217718157,0.04855,79.0153284599331
0.190046375151816,76.3872600515962,0.0486,76.4721417860343
0.183610838599533,73.8260537495406,0.04865,73.9100867554271
0.177075579983779,71.3619990514227,0.0487,71.3297955168536
0.170376948199224,69.0266304681356,0.04875,68.7319047185669
0.16362204046505,66.4691876510781,0.0488,66.1170553512482
0.15686859415386,63.7409972415504,0.04885,63.4858925898523
0.150147454905477,60.91619648748,0.0489,60.83906563442
0.143462838827769,58.0678527663531,0.04895,58.1772275498966
0.136799115470584,55.2504967438849,0.049,55.5010351050001
0.130128137331243,52.4970601083896,0.04905,52.8111486101709
0.123424566033496,49.8033949533231,0.0491,50.1082317546527
0.116666774716893,47.1572120131065,0.04915,47.3929514427342
0.109843370598779,44.5323043141322,0.0492,44.6659776292032
0.102956760780995,41.8944047924216,0.04925,41.9279831540439
0.0960154409256527,39.2257030594613,0.0493,39.1796435764232
0.0890325402425356,36.5154444114554,0.04935,36.4216370080073
0.0820237308221086,33.7591030785796,0.0494,33.6546439456484
0.0750002156614418,30.9678696388289,0.04945,30.8793471034811
0.0679693303061635,28.1538535224647,0.0495,28.0964312444742
0.0609351572214186,25.3273599997407,0.04955,25.306583011473
0.053897459786347,22.4999418093379,0.0496,22.5104907577843
0.0468531777941603,19.6796497000821,0.04965,19.7088443773328
0.0398000885183141,16.865993219572,0.0497,16.902335134441
0.0327336297973032,14.0635052295751,0.04975,14.0916554932705
0.0256546628801136,11.2615636707474,0.0498,11.2774989469643
0.0185660834138539,8.45445310800356,0.04985,8.4605598465418
0.0114694981910701,5.64450409163522,0.0499,5.64153322957588
0.00437047365467114,2.82468845402096,0.04995,2.82111464870068
-0.00272787814678083,-0.000145387858259335,0.05,-2.09066368462635e-13
-0.00982341234991663,-2.82631977376897,0.05005,-2.82111464870141
-0.016912178064363,-5.65620323120772,0.0501,-5.64153322957598
-0.0239923483710627,-8.48504787238657,0.05015,-8.46055984654222
-0.0310640440757778,-11.3074490961002,0.0502,-11.277498946965
-0.038125247571995,-14.1265042815296,0.05025,-14.0916554932709
-0.0451744306177425,-16.9412396335893,0.0503,-16.9023351344418
-0.0522116142892638,-19.7478142184645,0.05035,-19.7088443773336
-0.059234109657283,-22.550750132109,0.0504,-22.5104907577847
-0.0662404116966478,-25.3478059320914,0.05045,-25.3065830114734
-0.0732301525172463,-28.1357269200497,0.0505,-28.0964312444743
-0.0802000111861398,-30.9195719656534,0.05055,-30.8793471034818
-0.0871498798385311,-33.6929660293958,0.0506,-33.6546439456491
-0.0940768705927895,-36.4600595209484,0.05065,-36.4216370080078
-0.100977717391839,-39.221689522012,0.0507,-39.1796435764233
-0.107852278871909,-41.9708739896476,0.05075,-41.9279831540443
-0.114698162650854,-44.7105826675538,0.0508,-44.6659776292039
-0.121513300581389,-47.4400906972843,0.05085,-47.3929514427349
-0.128296904370074,-50.1560732653256,0.0509,-50.1082317546528
-0.135048075962928,-52.8577410082547,0.05095,-52.8111486101713
-0.141763624697203,-55.549214566635,0.051,-55.5010351050005
-0.148443927348468,-58.2232577886248,0.05105,-58.1772275498973
-0.155086478769369,-60.8841595415952,0.0511,-60.8390656344207
-0.161688546517482,-63.5325527247541,0.05115,-63.4858925898527
-0.168251099530351,-66.1603378288573,0.0512,-66.1170553512486
-0.174770713644658,-68.7748150726602,0.05125,-68.7319047185673
-0.181305368884147,-71.2514982806505,0.0513,-71.3297955168542
-0.187819402654368,-73.7659581388821,0.05135,-73.910086755428
-0.194270036198988,-76.3600589239426,0.0514,-76.4721417860347
-0.200630697654134,-79.0016498920154,0.05145,-79.0153284599335
-0.206889886944714,-81.6496681904936,0.0515,-81.5390192838665
-0.21304784304305,-84.2707878218431,0.05155,-84.0425915748858
-0.219115043430885,-86.8381698411761,0.0516,-86.5254276139902
-0.225106708096344,-89.3389685261899,0.05165,-88.9869147985381
-0.231039560297798,-91.7701968396662,0.0517,-91.4264457933999
-0.236923621513547,-94.1474880160659,0.05175,-93.8434186808053
-0.24276336117271,-96.4864413560081,0.0518,-96.2372371088605
-0.248559212149326,-98.7985524364646,0.05185,-98.6073104386878
-0.254304939889106,-101.099192770592,0.0519,-100.953053890157
-0.259992493712578,-103.393552924173,0.05195,-103.273888686172
-0.265613917229601,-105.680762443202,0.052,-105.569242195474
-0.271164891821932,-107.951677862972,0.05205,-107.83854807393
-0.276640828219825,-110.204185004151,0.0521,-110.081246404272
-0.282039933647011,-112.431280982328,0.05215,-112.296783834245
-0.287364038027838,-114.62381678263,0.0522,-114.48461371314
-0.29261368783188,-116.782797830631,0.05225,-116.644196226671
-0.297789878040916,-118.907422711581,0.0523,-118.774998530168
-0.30289316111772,-120.998404841963,0.05235,-120.876494880046
-0.307925076368652,-123.053744331951,0.0524,-122.948166763526
-0.312883795724925,-125.079925351176,0.05245,-124.98950302657
-0.3177670502443,-127.078554324607,0.0525,-127
-0.32257223583326,-129.050027018597,0.05255,-128.979161623772
-0.327298571139254,-130.990078897432,0.0526,-130.92649956937
-0.331943114795229,-132.90197023815,0.05265,-132.841533360295
-0.336503647032175,-134.784208255672,0.0527,-134.723790490613
-0.340978481088714,-136.634907458472,0.05275,-136.572806541544
-0.345368069682095,-138.448935988552,0.0528,-138.388125296043
-0.349670920606609,-140.229202284865,0.05285,-140.169298851371
-0.353885921053296,-141.97511275415,0.0529,-141.915887729605
-0.35801200854382,-143.686136248105,0.05295,-143.627460986076
-0.362048150423776,-145.361808458712,0.053,-145.303596315692
-0.365995050857085,-146.998209837388,0.05305,-146.943880157142
-0.369850879213139,-148.599732403216,0.0531,-148.54790779493
-0.373614022319779,-150.166353300299,0.05315,-150.115283459241
-0.377282923353691,-151.697574710871,0.0532,-151.645620423582
-0.380856210195289,-153.192567796743,0.05325,-153.138541100205
-0.384334376202992,-154.647057032352,0.0533,-154.593677133273
-0.387715759181737,-156.064595080314,0.05335,-156.010669489743
-0.390999073926424,-157.444736673985,0.0534,-157.389168547954
-0.394183180874007,-158.786808612546,0.05345,-158.728834183891
-0.39726712491177,-160.090047231859,0.0535,-160.029335855103
-0.400250126717029,-161.353725878642,0.05355,-161.290352682263
-0.403133110494098,-162.574045956476,0.0536,-162.511573528339
-0.405914737629997,-163.754966487651,0.05365,-163.692697075359
-0.408593902138416,-164.896489976655,0.0537,-164.833431898762
-0.4111695372662,-165.998296995614,0.05375,-165.9334965393
-0.413640705442011,-167.059838568572,0.0538,-166.992619572483
-0.416006641146573,-168.080463543662,0.05385,-168.01053967555
-0.418266748163555,-169.059541254437,0.0539,-168.987005691949
-0.420420563347955,-169.996550947873,0.05395,-169.9217766933
-0.422469297167547,-170.88787926606,0.054,-170.814622038845
-0.42441173602875,-171.737928063396,0.05405,-171.665321432357
-0.426246923791877,-172.546787316734,0.0541,-172.473664976489
-0.427973962567165,-173.314173419162,0.05415,-173.239453224566
-0.429592112154316,-174.039547842279,0.0542,-173.962497229798
-0.431100832912758,-174.72227011899,0.05425,-174.642618591895
-0.43249977595545,-175.361739435323,0.0543,-175.279649501089
-0.433788736326306,-175.957493437332,0.05435,-175.873432779533
-0.434967589824907,-176.509251149206,0.0544,-176.42382192009
-0.436036232880548,-177.016903736557,0.05445,-176.930681122474
-0.436994539240594,-177.480468524907,0.0545,-177.393885326763
-0.437842339695866,-177.900026678779,0.05455,-177.813320244248
-0.438579423924052,-178.275663743103,0.0546,-178.188882385641
-0.439205558418482,-178.607426702215,0.05465,-178.520479086602
-0.439720512107362,-178.89530376524,0.0547,-178.808028530609
-0.440124081534193,-179.139226020093,0.05475,-179.051459769137
-0.440417675915491,-179.335894170153,0.0548,-179.250712739172
-0.440600171666639,-179.490088291361,0.05485,-179.405738278025
-0.440670894081037,-179.601663955614,0.0549,-179.516498135463
-0.440629378777964,-179.670099578992,0.05495,-179.582964983149
-0.440475436007329,-179.694715366575,0.055,-179.605122421383
-0.440209138948729,-179.674877678724,0.05505,-179.582964983149
-0.439830758062199,-179.610143083784,0.0551,-179.516498135463
-0.439339137109816,-179.503447418462,0.05515,-179.405738278025
-0.438735758950877,-179.349873853065,0.0552,-179.250712739172
-0.438021617136887,-179.149794388214,0.05525,-179.051459769137
-0.437197440305516,-178.90405560694,0.0553,-178.808028530609
-0.436263632952906,-178.613668193393,0.05535,-178.520479086602
-0.435220316423774,-178.279537912369,0.0554,-178.188882385641
-0.434067434850941,-177.902292638214,0.05545,-177.813320244248
-0.432804883985531,-177.482222972502,0.0555,-177.393885326762
-0.431432625961822,-177.019322071391,0.05555,-176.930681122474
-0.429950765790475,-176.513389945058,0.0556,-176.42382192009
-0.428359580752332,-175.964160686022,0.05565,-175.873432779533
-0.426659507487093,-175.371416049158,0.0557,-175.279649501088
-0.424851100585219,-174.73506136447,0.05575,-174.642618591895
-0.422934979885552,-174.055154950194,0.0558,-173.962497229798
-0.420911782055589,-173.331895674186,0.05585,-173.239453224566
-0.418782127050146,-172.56558225596,0.0559,-172.473664976488
-0.416545182796086,-171.759456110637,0.05595,-171.665321432357
-0.414202690999673,-170.908900675112,0.056,-170.814622038845
-0.411755832522914,-170.014591398849,0.05605,-169.921776693299
-0.40920554527286,-169.077479645786,0.0561,-168.987005691949
-0.406552514745821,-168.098547599633,0.05615,-168.01053967555
-0.403797234736433,-167.078620369166,0.0562,-166.992619572483
-0.400940105704638,-166.018266241672,0.05625,-165.9334965393
-0.397981537409808,-164.917786878365,0.0563,-164.833431898762
-0.394920686016425,-163.780014693617,0.05635,-163.692697075359
-0.391759379839101,-162.60008478829,0.0564,-162.511573528338
-0.388499010277822,-161.378421099113,0.05645,-161.290352682263
-0.385140817336086,-160.115809158385,0.0565,-160.029335855103
-0.381685834221662,-158.813189059485,0.05655,-158.72883418389
-0.378134902383322,-157.471465994211,0.0566,-157.389168547954
-0.374487370844524,-156.094159627572,0.05665,-156.010669489743
-0.370745160164435,-154.676785929806,0.0567,-154.593677133272
-0.366909607235068,-153.220168425827,0.05675,-153.138541100205
-0.362981850412778,-151.725270924411,0.0568,-151.645620423582
-0.358962846235187,-150.193017473694,0.05685,-150.115283459241
-0.354851988113962,-148.627111386176,0.0569,-148.54790779493
-0.35065254052405,-147.020481313336,0.05695,-146.943880157141
-0.346364154798614,-145.379851581601,0.057,-145.303596315692
-0.341988390734921,-143.702772286183,0.05705,-143.627460986076
-0.337526433049314,-141.989992846884,0.0571,-141.915887729605
-0.332978055839228,-140.244928990419,0.05715,-140.16929885137
-0.328345569310682,-138.463252078145,0.0572,-138.388125296042
-0.323630636967186,-136.646038534116,0.05725,-136.572806541543
-0.318834653807231,-134.79452542491,0.0573,-134.723790490613
-0.313957336554029,-132.912807264449,0.05735,-132.841533360294
-0.30900103177306,-130.996491434359,0.0574,-130.92649956937
-0.303967345389118,-129.046845821177,0.05745,-128.979161623772
-0.29885760335268,-127.065166293791,0.0575,-127
-0.293671477310825,-125.055508298736,0.05755,-124.989503026569
-0.288411324842838,-123.013361333532,0.0576,-122.948166763525
-0.283078813629044,-120.939881176768,0.05765,-120.876494880045
-0.277675374070779,-118.836277540393,0.0577,-118.774998530167
-0.272200886385671,-116.706406058628,0.05775,-116.644196226671
-0.266657775096861,-114.54605063135,0.0578,-114.48461371314
-0.261047794057316,-112.356404960113,0.05785,-112.296783834245
-0.25537245294119,-110.138723109554,0.0579,-110.081246404272
-0.249631840439971,-107.896627495809,0.05795,-107.83854807393
-0.2438283279934,-105.626431112718,0.058,-105.569242195473
-0.23796366706187,-103.329324947533,0.05805,-103.273888686171
-0.232037995114731,-101.009360706676,0.0581,-100.953053890156
-0.226053959834398,-98.6624859942946,0.05815,-98.6073104386869
-0.220013465494497,-96.2901229650034,0.0582,-96.2372371088602
-0.213918109600147,-93.8937327344441,0.05825,-93.843418680805
-0.207768062390885,-91.4770152551649,0.0583,-91.4264457933995
-0.201565658018923,-89.0365642787372,0.05835,-88.9869147985378
-0.195312651009839,-86.5735478551612,0.0584,-86.5254276139893
-0.189009333714642,-84.0917166919016,0.05845,-84.0425915748854
-0.182658305345546,-81.5874117797669,0.0585,-81.5390192838662
-0.176261523492144,-79.0619280616978,0.05855,-79.0153284599331
-0.169816568380171,-76.5250160660984,0.0586,-76.4721417860343
-0.16332291725536,-73.9745878260738,0.05865,-73.9100867554271
-0.156778436323744,-71.4137625870154,0.0587,-71.3297955168539
-0.15018079226164,-68.8435628152595,0.05875,-68.7319047185669
-0.143532310061779,-66.2547207670174,0.0588,-66.1170553512482
-0.136836477411166,-63.6438749558165,0.05885,-63.4858925898524
-0.130094811507136,-61.0153532922891,0.0589,-60.8390656344197
-0.123313816369275,-58.3604551345165,0.05895,-58.1772275498969
-0.116497125665923,-55.6847454958656,0.059,-55.5010351050001
-0.109648359968715,-52.9902092847389,0.05905,-52.8111486101709
-0.102771720624361,-50.2769005633794,0.0591,-50.1082317546524
-0.0958687621192303,-47.5511427308799,0.05915,-47.3929514427339
-0.0889397790748252,-44.8172007183933,0.0592,-44.6659776292036
-0.0819882510099166,-42.0696944336503,0.05925,-41.9279831540439
-0.0750145588671587,-39.3147017800249,0.0593,-39.1796435764229
-0.0680195962696444,-36.5526532069935,0.05935,-36.4216370080071
-0.0610059976008349,-33.7804861170836,0.0594,-33.6546439456487
-0.0539759608098066,-30.9991843080786,0.05945,-30.8793471034814
-0.0469310146628919,-28.2109097943963,0.0595,-28.0964312444739
-0.0398732325128165,-25.4154705757266,0.05955,-25.3065830114727
-0.0328036833356298,-22.6154652797367,0.0596,-22.510490757784
-0.0257256711381629,-19.8072725641648,0.05965,-19.7088443773332
-0.0186425605715551,-16.990859462764,0.0597,-16.9023351344414
-0.011554632851988,-14.173283310135,0.05975,-14.0916554932702
-0.0044643538226759,-11.3517376292233,0.0598,-11.277498946964
0.00262645180992038,-8.52763011081423,0.05985,-8.4605598465415
0.00971750473959707,-5.70491792327487,0.0599,-5.64153322957558
0.016806742030969,-2.88102765624661,0.05995,-2.8211146487007
0.0238915924336387,-0.0550218251335644,0.06,5.06113872238797e-13
