0,0,0,0
0.00244289901319258,-2.147242746819,5e-05,2.82111464870106
0.00684446733520861,-3.90646613555072,0.0001,5.6415332295758
0.0128479585582331,-4.58593420023586,0.00015,8.46055984654222
0.0199629216086679,-3.85666249751501,0.0002,11.2774989469646
0.0276992954419427,-1.74895545823835,0.00025,14.0916554932706
0.0356668582451665,1.4411960633702,0.0003,16.9023351344416
0.0436203139091837,5.29634413401854,0.00035,19.7088443773333
0.0514701101943944,9.38112022305338,0.0004,22.5104907577847
0.0592432073344529,13.363953955278,0.00045,25.3065830114732
0.0670338658064797,17.0530105265971,0.0005,28.0964312444742
0.0749515654938665,20.3997914461127,0.00055,30.8793471034816
0.083073822635389,23.4808428846993,0.0006,33.6546439456488
0.0914309949410307,26.4215445357702,0.00065,36.4216370080076
0.0999941714001869,29.3729008572326,0.0007,39.1796435764233
0.108693668044451,32.4434865378395,0.00075,41.9279831540442
0.11744091462867,35.6828169408276,0.0008,44.6659776292037
0.126145140425106,39.0926024517308,0.00085,47.3929514427345
0.134733350129249,42.6251060047701,0.0009,50.1082317546528
0.143157205001994,46.2125648229585,0.00095,52.8111486101713
0.151395635184686,49.7824809239596,0.001,55.5010351050003
0.159450269097405,53.2753017496974,0.00105,58.177227549897
0.167336710861735,56.6552670273545,0.0011,60.8390656344203
0.175076592573808,59.9093139449071,0.00115,63.4858925898527
0.182686839213519,63.0511217597417,0.0012,66.1170553512485
0.190176709305245,66.1043625384661,0.00125,68.731904718567
0.197543570760921,69.1015969257722,0.0013,71.3297955168538
0.204778811043725,72.0629110969179,0.00135,73.9100867554275
0.21187278315372,74.9947663338022,0.0014,76.4721417860346
0.218816738323952,77.8967721259643,0.00145,79.0153284599333
0.225605362261439,80.7621232018157,0.0015,81.5390192838662
0.232240632698892,83.5753925337736,0.00155,84.0425915748853
0.238726944840111,86.3304250529961,0.0016,86.5254276139897
0.245072571953748,89.0201351145036,0.00165,88.986914798538
0.251289282053939,91.6384526642882,0.0017,91.4264457933996
0.25738624154276,94.1922324139561,0.00175,93.8434186808049
0.263371552671,96.6870922923447,0.0018,96.23723710886
0.269252996460067,99.1265250275907,0.00185,98.6073104386872
0.275033972050102,101.521639380895,0.0019,100.953053890156
0.280716585700627,103.877921399453,0.00195,103.273888686171
0.286303567832712,106.195556809414,0.002,105.569242195473
0.291795410936174,108.479541845697,0.00205,107.83854807393
0.2971931324892,110.729787431059,0.0021,110.081246404272
0.3024983467982,112.945106289536,0.00215,112.296783834245
0.307714903949282,115.120821969622,0.0022,114.48461371314
0.31284471859735,117.260367454407,0.00225,116.644196226671
0.317890003688537,119.363867690524,0.0023,118.774998530168
0.322852769732947,121.431826181065,0.00235,120.876494880046
0.327736305382606,123.461744725151,0.0024,122.948166763526
0.332541003801704,125.459194387273,0.00245,124.98950302657
0.337266994615609,127.425489987218,0.0025,127
0.341914023912962,129.36130637986,0.00255,128.979161623772
0.346483218005578,131.263547688284,0.0026,130.92649956937
0.350973345741944,133.136201244295,0.00265,132.841533360295
0.355383405883772,134.979011297107,0.0027,134.723790490613
0.359712488084451,136.791224525166,0.00275,136.572806541544
0.363959847890105,138.571869604147,0.0028,138.388125296042
0.368126651467719,140.316426491885,0.00285,140.169298851371
0.37221145777231,142.02917770653,0.0029,141.915887729605
0.376213082514796,143.709898373679,0.00295,143.627460986076
0.380130321925882,145.358098119822,0.003,145.303596315692
0.383963418424744,146.970269314412,0.00305,146.943880157141
0.387710621543962,148.549549374858,0.0031,148.547907794931
0.391370401941556,150.09557111681,0.00315,150.115283459241
0.394941302441096,151.607637516322,0.0032,151.645620423582
0.398422012599747,153.08486739608,0.00325,153.138541100205
0.401811387575772,154.526347391403,0.0033,154.593677133273
0.405109991960001,155.928060787032,0.00335,156.010669489743
0.408316077947623,157.293841022778,0.0034,157.389168547954
0.411428176448099,158.62343008235,0.00345,158.728834183891
0.414444883597483,159.916261368038,0.0035,160.029335855103
0.41736494226286,161.171569647056,0.00355,161.290352682263
0.420187274416147,162.388524066009,0.0036,162.511573528339
0.422912370119914,163.563498032834,0.00365,163.692697075359
0.425538697770651,164.699872072737,0.0037,164.833431898762
0.428065019865407,165.797373782627,0.00375,165.9334965393
0.430490195009099,166.855475473004,0.0038,166.992619572483
0.432813240286274,167.873500941894,0.00385,168.01053967555
0.435033349069212,168.850745491806,0.0039,168.987005691949
0.437149871188969,169.78657674889,0.00395,169.921776693299
0.439162269752881,170.680496626503,0.004,170.814622038845
0.441070070937195,171.532159134285,0.00405,171.665321432357
0.442874316577927,172.338308373501,0.0041,172.473664976489
0.44457362874158,173.103360445981,0.00415,173.239453224566
0.446166938418914,173.827301219969,0.0042,173.962497229798
0.447653290715954,174.509702979793,0.00425,174.642618591895
0.449031945085728,175.149883493453,0.0043,175.279649501089
0.450302407082882,175.747090827035,0.00435,175.873432779533
0.451464400912667,176.300662404586,0.0044,176.42382192009
0.452517804119313,176.810126008525,0.00445,176.930681122474
0.453462569611045,177.275232650177,0.0045,177.393885326762
0.454298656977101,177.695930341521,0.00455,177.813320244248
0.455025987285693,178.072299908266,0.0046,178.188882385641
0.455644426285992,178.404477910887,0.00465,178.520479086602
0.456153792802028,178.692588583806,0.0047,178.808028530609
0.456553883796807,178.93669900983,0.00475,179.051459769137
0.456844505682322,179.136802527907,0.0048,179.250712739172
0.457025502562624,179.292827253362,0.00485,179.405738278025
0.457096775194665,179.404661269595,0.0049,179.516498135463
0.457058288282657,179.47218412031,0.00495,179.582964983149
0.456910067169689,179.49529530916,0.005,179.605122421383
0.456652187312528,179.473933581763,0.00505,179.582964983149
0.456284760839696,179.408084576368,0.0051,179.516498135463
0.455807924130436,179.297777870141,0.00515,179.405738278025
0.455221829122133,179.143076773789,0.0052,179.250712739172
0.454526639473286,178.944065152526,0.00525,179.051459769137
0.453722531251053,178.700835202836,0.0053,178.808028530609
0.452809696800526,178.413478897192,0.00535,178.520479086602
0.451788350021482,178.082084237385,0.0054,178.188882385641
0.450658731386212,177.706736002869,0.00545,177.813320244248
0.449421111517593,177.287519667834,0.0055,177.393885326762
0.448075792796582,176.824526725143,0.00555,176.930681122474
0.446623109083391,176.317859757526,0.0056,176.42382192009
0.445063424075949,175.767636076437,0.00565,175.873432779533
0.443397129030157,175.173989395047,0.0057,175.279649501089
0.441624640540167,174.537069614986,0.00575,174.642618591895
0.439746398886777,173.857041245742,0.0058,173.962497229798
0.437761518800769,173.136823538383,0.00585,173.239453224566
0.435671704856512,172.37171177317,0.0059,172.473664976489
0.433478074059696,171.562386633871,0.00595,171.665321432357
0.431181486183922,170.709816385238,0.006,170.814622038845
0.428782534893469,169.814999735321,0.00605,169.921776693299
0.426281612207895,168.878768613596,0.0061,168.987005691949
0.423679012114089,167.901683739216,0.00615,168.01053967555
0.420975038214027,166.88402500783,0.0062,166.992619572483
0.41817008815064,165.825855150837,0.00625,165.9334965393
0.41526351202363,164.729538947282,0.0063,164.833431898762
0.412257164983139,163.590512576097,0.00635,163.692697075359
0.409152405208967,162.409364235957,0.0064,162.511573528339
0.405950381185813,161.187025746778,0.00645,161.290352682263
0.40265199553977,159.924532528277,0.0065,160.029335855103
0.399257943927792,158.622821372963,0.00655,158.72883418389
0.395767490233277,157.285270493074,0.0066,157.389168547954
0.392182497148221,155.907322711434,0.00665,156.010669489743
0.388504187100371,154.489874274714,0.0067,154.593677133273
0.384733571503817,153.033915332489,0.00675,153.138541100205
0.380871483756564,151.540353093761,0.0068,151.645620423582
0.376918653137524,150.009902194662,0.00685,150.115283459241
0.372874694183242,148.44528302198,0.0069,148.54790779493
0.36874101163874,146.843534575994,0.00695,146.943880157141
0.364519858283141,145.202792259576,0.007,145.303596315692
0.360212306625347,143.525664373942,0.00705,143.627460986076
0.355819338255135,141.813228109463,0.0071,141.915887729605
0.351340776652185,140.06841691777,0.00715,140.169298851371
0.346778537169498,138.287742812087,0.0072,138.388125296042
0.342133956865456,136.472228731082,0.00725,136.572806541544
0.337408187419965,134.622890865094,0.0073,134.723790490613
0.332601070736574,132.743001566558,0.00735,132.841533360295
0.327714816357757,130.828595899665,0.0074,130.92649956937
0.322750955748381,128.88086630932,0.00745,128.979161623772
0.317710771041578,126.901034503914,0.0075,127
0.31259413421507,124.892647724812,0.00755,124.98950302657
0.307403315337351,122.851746883181,0.0076,122.948166763526
0.302139870341353,120.779617662748,0.00765,120.876494880046
0.296805101951297,118.677521200252,0.0077,118.774998530168
0.291398965196873,116.548898470302,0.00775,116.644196226671
0.285923728246461,114.389965448878,0.0078,114.48461371314
0.280380991125621,112.201958355952,0.00785,112.296783834245
0.274772129523964,109.986087214656,0.0079,110.081246404272
0.269097311350157,107.745520283553,0.00795,107.83854807393
0.26335879251415,105.476921152496,0.008,105.569242195473
0.257558219216433,103.181501560273,0.00805,103.273888686171
0.25169577592916,100.862999152925,0.0081,100.953053890156
0.245774024312479,98.5176110321256,0.00815,98.6073104386871
0.239794759308884,96.1468309270336,0.0082,96.2372371088599
0.233758068354697,93.7549786166622,0.00825,93.8434186808049
0.227666600643654,91.3379772208303,0.0083,91.4264457933996
0.221522149579302,88.897464771711,0.00835,88.986914798538
0.215326182609199,86.4349823965842,0.0084,86.5254276139896
0.209078778912424,83.9541589008094,0.00845,84.0425915748853
0.202782244367408,81.4514666891335,0.0085,81.5390192838661
0.196438293217339,78.928067251689,0.00855,79.0153284599332
0.19004723010877,76.3876099606928,0.0086,76.4721417860346
0.183611690264775,73.8264053218119,0.00865,73.9100867554275
0.177076371463961,71.3622711028364,0.0087,71.3297955168538
0.170377771145524,69.026720704018,0.00875,68.731904718567
0.163623359588301,66.4692263687929,0.0088,66.1170553512484
0.156870526857389,63.7411089453523,0.00885,63.4858925898527
0.150149829230383,60.916501059097,0.0089,60.8390656344202
0.143465309965911,58.068427596412,0.00895,58.177227549897
0.136801303546284,55.251339920447,0.009,55.5010351050002
0.130129734837435,52.4980974334038,0.00905,52.8111486101712
0.123425433056143,49.8044756085958,0.0091,50.1082317546528
0.116666943893914,47.158156189198,0.00915,47.3929514427345
0.109843022610125,44.5329658591434,0.0092,44.6659776292037
0.102956170261834,41.894702069989,0.00925,41.9279831540441
0.0960148842701075,39.2256444848205,0.0093,39.1796435764233
0.0890322372991257,36.5151193996672,0.00935,36.4216370080076
0.0820238086092536,33.7586520497698,0.0094,33.6546439456488
0.075000684692591,30.9674504737673,0.00945,30.8793471034816
0.0679701099629349,28.153596308575,0.0095,28.0964312444743
0.0609361133648287,25.3273399967789,0.00955,25.3065830114732
0.0538984409445468,22.5001691180962,0.0096,22.5104907577846
0.0468540551062404,19.6800724995544,0.00965,19.7088443773333
0.0398007837806673,16.8665245308704,0.0097,16.9023351344416
0.0327341152263247,14.0640437025508,0.00975,14.0916554932706
0.0256549698212871,11.2620256044581,0.0098,11.2774989469646
0.0185662730751627,8.45478546250896,0.00985,8.46055984654211
0.011469632242936,5.64469355956984,0.0099,5.64153322957579
0.00437061144378198,2.82475540518875,0.00995,2.82111464870107
-0.00272770656863158,-0.00015819534705443,0.01,2.19952838283815e-14
-0.00982320251198443,-2.82636248030164,0.01005,-2.82111464870102
-0.0169119396687118,-5.65623313171446,0.0101,-5.64153322957591
-0.0239921087131597,-8.48503788868532,0.01015,-8.46055984654231
-0.0310638362635056,-11.3073915793648,0.0102,-11.2774989469646
-0.0381250916402807,-14.1264089579813,0.01025,-14.0916554932707
-0.0451743374648775,-16.9411271812964,0.0103,-16.9023351344417
-0.05221158673744,-19.7477081642398,0.01035,-19.7088443773333
-0.0592341336301189,-22.5506699913867,0.0104,-22.5104907577847
-0.0662404709794214,-25.3477633299203,0.01045,-25.3065830114733
-0.0732302315730739,-28.1357235117189,0.0105,-28.0964312444743
-0.080200088501031,-30.9196013190085,0.01055,-30.8793471034816
-0.0871499463278178,-33.6930161029024,0.0106,-33.6546439456488
-0.094076914797567,-36.4601169027674,0.01065,-36.4216370080076
-0.100977733620598,-39.2217420020267,0.0107,-39.1796435764234
-0.107852274092296,-41.9709124697845,0.01075,-41.9279831540443
-0.114698139113586,-44.7106027356273,0.0108,-44.6659776292037
-0.121513261610428,-47.4400923956985,0.01085,-47.3929514427346
-0.128296855246107,-50.1560597153143,0.0109,-50.1082317546528
-0.135048018224487,-52.8577168336327,0.01095,-52.8111486101712
-0.141763552066218,-55.5491845539047,0.011,-55.5010351050003
-0.148443841226703,-58.2232253154181,0.01105,-58.177227549897
-0.155086372004785,-60.8841256413402,0.0111,-60.8390656344203
-0.161688412933329,-63.5325167633404,0.01115,-63.4858925898527
-0.168250943201464,-66.1602973763788,0.0112,-66.1170553512485
-0.174770527703911,-68.7747673179216,0.01125,-68.7319047185671
-0.181305241407492,-71.2514656937472,0.0113,-71.3297955168539
-0.187819146763549,-73.7659330475203,0.01135,-73.9100867554275
-0.1942699917012,-76.3590494423721,0.0114,-76.4721417860346
-0.200630496002675,-79.0012668700429,0.01145,-79.0153284599333
-0.206889460505986,-81.6497655766656,0.0115,-81.5390192838662
-0.213047258672357,-84.2711273716265,0.01155,-84.0425915748854
-0.219114454323825,-86.8385184995725,0.0116,-86.5254276139897
-0.225106283786092,-89.3391696150274,0.01165,-88.986914798538
-0.231039427899984,-91.7701998613164,0.0117,-91.4264457933996
-0.236923816857046,-94.1473376960308,0.01175,-93.8434186808049
-0.242763831595492,-96.4862387327099,0.0118,-96.23723710886
-0.248559839621552,-98.7984060851162,0.01185,-98.6073104386873
-0.254305566492429,-101.099178357582,0.0119,-100.953053890157
-0.259992970079738,-103.393690925826,0.01195,-103.273888686171
-0.265614134639443,-105.68101721173,0.012,-105.569242195473
-0.271164802088038,-107.951974452783,0.01205,-107.83854807393
-0.276640431459226,-110.204435580111,0.0121,-110.081246404272
-0.282039274891738,-112.431410287065,0.01215,-112.296783834245
-0.287363189456454,-114.623779852109,0.0122,-114.48461371314
-0.292612716532914,-116.782586623722,0.01225,-116.644196226671
-0.297788837478369,-118.907061820817,0.0123,-118.774998530168
-0.302892082339325,-120.997939160389,0.01235,-120.876494880046
-0.307923969981435,-123.053224226885,0.0124,-122.948166763526
-0.312882646586678,-125.079393186504,0.01245,-124.98950302657
-0.317765835942745,-127.078036138266,0.0125,-127
-0.322571495730155,-129.048393502671,0.01255,-128.979161623772
-0.32729773062858,-130.989477759076,0.0126,-130.92649956937
-0.33194191045754,-132.902092002354,0.01265,-132.841533360295
-0.3365019730507,-134.784643569359,0.0127,-134.723790490613
-0.34097637886483,-136.635273011024,0.01275,-136.572806541544
-0.345365686410876,-138.44896301255,0.0128,-138.388125296043
-0.349668440978176,-140.228774098353,0.01285,-140.169298851371
-0.35388352065366,-141.974256572769,0.0129,-141.915887729605
-0.358009815464486,-143.684981292113,0.01295,-143.627460986076
-0.362046227683653,-145.360529766995,0.013,-145.303596315692
-0.365993401384948,-146.996975369795,0.01305,-146.943880157141
-0.369849451913591,-148.598664049025,0.0131,-148.547907794931
-0.373612744675854,-150.165509697878,0.01315,-150.115283459241
-0.377281724942545,-151.696952852548,0.0132,-151.645620423582
-0.380855039548244,-153.192119296621,0.01325,-153.138541100205
-0.384333211160367,-154.646711644237,0.0133,-154.593677133273
-0.387714595897375,-156.06428308561,0.01335,-156.010669489743
-0.390997928394844,-157.444405921131,0.0134,-157.389168547954
-0.394182079567252,-158.786432373242,0.01345,-158.728834183891
-0.397266095061437,-160.089624009471,0.0135,-160.029335855103
-0.40024918866578,-161.353273216206,0.01355,-161.290352682263
-0.40313227599821,-162.573591395797,0.0136,-162.511573528339
-0.405913999480393,-163.754537863041,0.01365,-163.692697075359
-0.408593245064418,-164.896108375711,0.0137,-164.833431898762
-0.411168942606901,-165.997972530734,0.01375,-165.9334965393
-0.413640155473489,-167.059570021948,0.0138,-166.992619572483
-0.416006122060355,-168.080241006178,0.01385,-168.01053967555
-0.418266251285859,-169.059350328357,0.0139,-168.987005691949
-0.420420084741549,-169.996377041166,0.01395,-169.921776693299
-0.422468838767282,-170.887710956512,0.014,-170.814622038845
-0.424411293624109,-171.737758625948,0.01405,-171.665321432357
-0.426246494488213,-172.546614709157,0.0141,-172.473664976489
-0.427973544298172,-173.313998707259,0.01415,-173.239453224566
-0.429591703231583,-174.03937350534,0.0142,-173.962497229798
-0.431100431641807,-174.722098676523,0.01425,-174.642618591895
-0.432499380343035,-175.361572593149,0.0143,-175.279649501089
-0.433788343904174,-175.957331748609,0.01435,-175.873432779533
-0.434967197608858,-176.509094063857,0.0144,-176.42382192009
-0.436035837466991,-177.016749870462,0.01445,-176.930681122474
-0.436994137018783,-177.480315999468,0.0145,-177.393885326762
-0.437841927130175,-177.899873432041,0.01455,-177.813320244248
-0.438578997845897,-178.275507766993,0.0146,-178.188882385641
-0.439205116266747,-178.607266201255,0.01465,-178.520479086602
-0.439720052070549,-178.895137251822,0.0147,-178.808028530609
-0.440123602572588,-179.139052364531,0.01475,-179.051459769137
-0.440417180253109,-179.335712725044,0.0148,-179.250712739172
-0.440599654394384,-179.489898744685,0.01485,-179.405738278025
-0.440670352879756,-179.60146623003,0.0149,-179.516498135463
-0.440628814053229,-179.669893393968,0.01495,-179.582964983149
-0.440474850360838,-179.694500294617,0.015,-179.605122421383
-0.440208536193337,-179.674653474701,0.01505,-179.582964983149
-0.439830142088948,-179.609910018991,0.0151,-179.516498135463
-0.439338508403127,-179.503206281026,0.01515,-179.405738278025
-0.43873512412715,-179.349626037869,0.0152,-179.250712739172
-0.438020978694421,-179.149541559514,0.01525,-179.051459769137
-0.437196796774618,-178.903799624907,0.0153,-178.808028530609
-0.436262980026709,-178.613410594991,0.01535,-178.520479086602
-0.435219648650785,-178.279279318353,0.0154,-178.188882385641
-0.434066747377353,-177.902032418735,0.01545,-177.813320244248
-0.432804173895346,-177.481959341715,0.0155,-177.393885326762
-0.431431892934407,-177.019052586744,0.01555,-176.930681122474
-0.429950012014855,-176.513112231474,0.0156,-176.42382192009
-0.428358810237713,-175.963873138628,0.01565,-175.873432779533
-0.426658725039478,-175.371118296276,0.0157,-175.279649501088
-0.424850310759192,-174.734754367842,0.01575,-174.642618591895
-0.422934186172936,-174.054840743141,0.0158,-173.962497229798
-0.420910986467092,-173.331576845125,0.01585,-173.239453224566
-0.418781330120195,-172.565261344368,0.0159,-172.473664976489
-0.416544381622521,-171.759134917221,0.01595,-171.665321432357
-0.414201889420937,-170.908580266176,0.016,-170.814622038845
-0.411755031399316,-170.014272000173,0.01605,-169.921776693299
-0.409204743102275,-169.077161132968,0.0161,-168.987005691949
-0.406551708722033,-168.098229620885,0.01615,-168.01053967555
-0.403796421949479,-167.078302293648,0.0162,-166.992619572483
-0.400939284173267,-166.017947130144,0.01625,-165.9334965393
-0.397980706713799,-164.917465591624,0.0163,-164.833431898762
-0.394919845248648,-163.779689977535,0.01635,-163.692697075359
-0.391758536512811,-162.599755905967,0.0164,-162.511573528339
-0.388498169570556,-161.378088036791,0.01645,-161.290352682263
-0.385139981656483,-160.115473015654,0.0165,-160.029335855103
-0.381685003481367,-158.81285173402,0.01655,-158.72883418389
-0.378134074816904,-157.471129500001,0.0166,-157.389168547954
-0.374486541867594,-156.093825262429,0.01665,-156.010669489743
-0.370744332840104,-154.676454176181,0.0167,-154.593677133273
-0.36690878249455,-153.219838912454,0.01675,-153.138541100205
-0.362981027698166,-151.724943044034,0.0168,-151.645620423582
-0.358962024319076,-150.19269064558,0.01685,-150.115283459241
-0.354851163542741,-148.626784954312,0.0169,-148.54790779493
-0.350650588861561,-147.022455617653,0.01695,-146.943880157141
-0.34636180153927,-145.380620019044,0.017,-145.303596315692
-0.341986079192435,-143.702355446561,0.01705,-143.627460986076
-0.337524493080673,-141.988697624844,0.0171,-141.915887729605
-0.332976649968081,-140.243201109871,0.01715,-140.169298851371
-0.328344703134684,-138.461533282634,0.0172,-138.388125296042
-0.323630189544646,-136.64465989703,0.01725,-136.572806541544
-0.318834438458914,-134.793655134903,0.0173,-134.723790490613
-0.313957159828509,-132.912450748311,0.01735,-132.841533360295
-0.309000750559357,-130.996530691961,0.0174,-130.92649956937
-0.303966880564159,-129.047098864658,0.01745,-128.979161623772
-0.298856942590923,-127.065447366145,0.0175,-127
-0.29367065868221,-125.0556734119,0.01755,-124.98950302657
-0.288410423745741,-123.013332234527,0.0176,-122.948166763526
-0.283077907108332,-120.939647430356,0.01765,-120.876494880046
-0.277674521864648,-118.835882009099,0.0177,-118.774998530168
-0.272200118729984,-116.705920787044,0.01775,-116.644196226671
-0.266657101450292,-114.545551919359,0.0178,-114.48461371314
-0.261047198667686,-112.355953611361,0.01785,-112.296783834245
-0.255371905306731,-110.138353811125,0.0179,-110.081246404272
-0.249631304657695,-107.896346885306,0.01795,-107.83854807393
-0.243827780722744,-105.626223118857,0.018,-105.569242195473
-0.237963093412778,-103.329160328463,0.01805,-103.273888686171
-0.232037973119305,-101.008017929674,0.0181,-100.953053890156
-0.226053894294167,-98.6622160248508,0.01815,-98.6073104386872
-0.220013090845677,-96.2905925939284,0.0182,-96.23723710886
-0.213917313764232,-93.8945190035702,0.01825,-93.8434186808048
-0.207766873624655,-91.4777306295043,0.0183,-91.4264457933996
-0.20156421024902,-89.0369415126259,0.01835,-88.9869147985379
-0.195311118271019,-86.5734742762191,0.0184,-86.5254276139897
-0.189007875858284,-84.0912224240142,0.01845,-84.0425915748852
-0.182657040645872,-81.5866264572494,0.0185,-81.5390192838661
-0.176260503417843,-79.0610240326609,0.01855,-79.0153284599332
-0.169815774301959,-76.524157067192,0.0186,-76.4721417860346
-0.163322298325051,-73.9738895693381,0.01865,-73.9100867554274
-0.156777924666803,-71.413277214933,0.0187,-71.3297955168538
-0.150180330485176,-68.8432796812636,0.01875,-68.731904718567
-0.143531874403897,-66.2545878170868,0.0188,-66.1170553512485
-0.136836066838259,-63.6438238178761,0.01885,-63.4858925898526
-0.130094434424401,-61.0153223059076,0.0189,-60.8390656344203
-0.123313498369014,-58.3604034625521,0.01895,-58.1772275498968
-0.116496877826717,-55.6846583909195,0.019,-55.5010351050003
-0.109648180695864,-52.9900936067347,0.01905,-52.8111486101711
-0.102771595077741,-50.2767755338273,0.0191,-50.1082317546527
-0.0958686565609811,-47.5510293544014,0.01915,-47.3929514427345
-0.0889396527376887,-44.8171124542268,0.0192,-44.6659776292036
-0.0819880727568579,-42.069633039791,0.01925,-41.9279831540442
-0.0750142952975751,-39.3146572249876,0.0193,-39.1796435764233
-0.068019225936947,-36.5526073470312,0.01935,-36.4216370080074
-0.0610055146903524,-33.7804176722485,0.0194,-33.6546439456488
-0.0539753666128437,-30.9990742400335,0.01945,-30.8793471034815
-0.0469303145496441,-28.2107457804001,0.0195,-28.0964312444743
-0.0398724365645506,-25.4152484938821,0.01955,-25.3065830114731
-0.03280280121909,-22.6151863601927,0.0196,-22.5104907577847
-0.0257247173478368,-19.8069431051419,0.01965,-19.7088443773333
-0.0186415448741685,-16.9904895428809,0.0197,-16.9023351344414
-0.0115535544880696,-14.172881886765,0.01975,-14.0916554932706
-0.00446321748419942,-11.351312151647,0.0198,-11.2774989469646
0.00262764216172584,-8.52718417439768,0.01985,-8.46055984654221
0.00971874740299861,-5.70445474791643,0.0199,-5.64153322957581
0.0168080273280887,-2.88054769473648,0.01995,-2.82111464870093
0.0238929071565325,-0.0545231003770328,0.02,-4.39905676567631e-14
0.0309736295492301,2.76740435667387,0.02005,2.82111464870116
0.0380476626796885,5.58943360431969,0.0201,5.64153322957573
0.0451127941812318,8.41106515949153,0.02015,8.46055984654229
0.0521684008778371,11.2283493705575,0.0202,11.2774989469648
0.059211166400775,14.0456214563111,0.02025,14.0916554932706
0.0662397286905627,16.8589627057097,0.0203,16.9023351344418
0.0732539761124736,19.664584003563,0.02035,19.7088443773333
0.0802507224713935,22.4677108735412,0.0204,22.5104907577848
0.0872305385235988,25.2609509163157,0.02045,25.3065830114732
0.0941911197498093,28.0485197113161,0.0205,28.0964312444743
0.101129128555468,30.8326984067718,0.02055,30.8793471034817
0.108044558128232,33.6063572156933,0.0206,33.6546439456488
0.114934858252321,36.3730020734628,0.02065,36.4216370080077
0.121797954473743,39.131678772991,0.0207,39.1796435764234
0.128632777668608,41.8795625103202,0.02075,41.9279831540442
0.135438377463971,44.6154272925316,0.0208,44.6659776292039
0.14221156143862,47.3431770255132,0.02085,47.3929514427345
0.148953489832978,50.0539558879839,0.0209,50.108231754653
0.155660431937382,52.755894975921,0.02095,52.8111486101712
0.162330595650123,55.4457866119565,0.021,55.5010351050004
0.168964001602095,58.1187738531746,0.02105,58.177227549897
0.175558164598198,60.7787475093162,0.0211,60.8390656344203
0.182110343854759,63.4263363619912,0.02115,63.4858925898528
0.188617943117157,66.0606843896208,0.0212,66.1170553512485
0.195074613026771,68.6886089631138,0.02125,68.7319047185671
0.201474729340538,71.308757901704,0.0213,71.3297955168538
0.20781571022186,73.913626701388,0.02135,73.9100867554275
0.214094732419907,76.5017022630599,0.0214,76.4721417860348
0.220311065088705,79.0678777426896,0.02145,79.0153284599332
0.226466777507746,81.6052360347354,0.0215,81.5390192838663
0.232562518765854,84.1155100947149,0.02155,84.0425915748853
0.238599156637233,86.5985335511823,0.0216,86.5254276139897
0.244577113727215,89.0551192708753,0.02165,88.9869147985382
0.250497890006278,91.4830770132801,0.0217,91.4264457933996
0.256359783203386,93.8884755386542,0.02175,93.8434186808051
0.262160874730182,96.2724046737992,0.0218,96.23723710886
0.267900616510808,98.631718905751,0.02185,98.6073104386873
0.273576290381697,100.969866275131,0.0219,100.953053890156
0.279185719332183,103.285736914407,0.02195,103.273888686171
0.284727176666827,105.5776138295,0.022,105.569242195473
0.290201191003418,107.840076025108,0.02205,107.83854807393
0.295606056974035,110.07646642851,0.0221,110.081246404272
0.300940568799778,112.28592856867,0.02215,112.296783834245
0.306205120358555,114.464627859976,0.0222,114.48461371314
0.31139803501752,116.61586233162,0.02225,116.644196226671
0.316517821277532,118.73940949111,0.0223,118.774998530168
0.321562996688316,120.834750016559,0.02235,120.876494880046
0.32653369752775,122.898042967771,0.0224,122.948166763526
0.331427942601196,124.932654383635,0.02245,124.98950302657
0.336244048874515,126.938116067637,0.0225,127
0.340980463817458,128.913606367395,0.02255,128.979161623772
0.345637318156578,130.855108704627,0.0226,130.92649956937
0.350212782614854,132.76566086449,0.02265,132.841533360295
0.354705350588776,134.644731773601,0.0227,134.723790490613
0.359113641447819,136.491550564916,0.02275,136.572806541544
0.36343644300121,138.305242886513,0.0228,138.388125296042
0.367674416709052,140.081481084016,0.02285,140.169298851371
0.371825756473509,141.824386448992,0.0229,141.915887729605
0.375888977077354,143.533672282344,0.02295,143.627460986076
0.379862682929742,145.208717055709,0.023,145.303596315692
0.383745647281494,146.848697415134,0.02305,146.943880157141
0.387538589364445,148.449172398497,0.0231,148.547907794931
0.391239702126605,150.014396763323,0.02315,150.115283459241
0.394847579469579,151.543974787695,0.0232,151.645620423582
0.398360959569588,153.037193370029,0.02325,153.138541100205
0.401778786886175,154.493184628827,0.0233,154.593677133273
0.405101780291709,155.907902661835,0.02335,156.010669489743
0.408328430706519,157.285100270152,0.0234,157.389168547954
0.4114575695413,158.624480448336,0.02345,158.728834183891
0.414488134175986,159.925490275528,0.0235,160.029335855103
0.417419222319646,161.187441979822,0.02355,161.290352682263
0.420250099722826,162.409638927563,0.0236,162.511573528339
0.422981323394216,163.589131037459,0.02365,163.692697075359
0.425612155452934,164.727990698523,0.0237,164.833431898762
0.428141452511046,165.827257933929,0.02375,165.9334965393
0.430568212140671,166.886599079366,0.0238,166.992619572483
0.432891572507924,167.905443350898,0.02385,168.01053967555
0.435110853170291,168.883121888113,0.0239,168.987005691949
0.437225547495248,169.818998246329,0.02395,169.921776693299
0.439235280675994,170.712560735643,0.024,170.814622038845
0.44113975218581,171.563463719378,0.02405,171.665321432357
0.442940184293871,172.368462376752,0.0241,172.473664976489
0.444635352167354,173.132055161086,0.02415,173.239453224566
0.446224320720088,173.854301469867,0.0242,173.962497229798
0.447706243244456,174.534854173785,0.02425,174.642618591895
0.449080461734036,175.173107626542,0.0243,175.279649501089
0.450346542107063,175.768373855898,0.02435,175.873432779533
0.451504252117746,176.320037001854,0.0244,176.42382192009
0.452553501732081,176.827653901813,0.02445,176.930681122474
0.453494269912124,177.290989885074,0.0245,177.393885326762
0.454326539048715,177.709997347055,0.02455,177.813320244248
0.455050251090423,178.08475669194,0.0246,178.188882385641
0.45566529061309,178.415403467621,0.02465,178.520479086602
0.456171492205627,178.702062892423,0.0247,178.808028530609
0.45656866429344,178.944805850872,0.02475,179.051459769137
0.456856619502515,179.14363167749,0.0248,179.250712739172
0.457035202562835,179.298475195325,0.02485,179.405738278025
0.457104309609891,179.409230211949,0.0249,179.516498135463
0.457063896378028,179.47577963121,0.02495,179.582964983149
0.456913976110232,179.498023202207,0.025,179.605122421383
0.453649864970999,185.58693475234,0.02505,179.582964983149
0.443844567468717,199.33467191316,0.0251,179.516498135463
0.427605043341263,213.364977153852,0.02515,179.405738278025
0.407103204673275,222.115625153253,0.0252,179.250712739172
0.385551920082734,222.785227768209,0.02525,179.051459769137
0.366143612007434,215.408508687845,0.0253,178.808028530609
0.351223121042836,202.21591233901,0.02535,178.520479086602
0.341848096777891,186.591523356855,0.0254,178.188882385641
0.337764088660373,171.967964841771,0.02545,177.813320244248
0.337705323953078,160.960082721396,0.0255,177.393885326762
0.33989037151019,154.862326810125,0.02555,176.930681122474
0.34253514640553,153.604794374054,0.0256,176.42382192009
0.344265301251303,156.035317431117,0.02565,175.873432779533
0.344336195270755,160.429856398541,0.0257,175.279649501088
0.342661071229416,165.011165596635,0.02575,174.642618591895
0.33967120244433,168.388131894271,0.0258,173.962497229798
0.336079725619205,169.807336257192,0.02585,173.239453224566
0.332634928718052,169.180289129678,0.0259,172.473664976488
0.329912264253692,166.967963973875,0.02595,171.665321432357
0.328198682940011,163.937641311941,0.026,170.814622038845
0.327473835305433,160.902506894754,0.02605,169.921776693299
0.327472331342182,158.506582000428,0.0261,168.987005691949
0.327794306598522,157.097974292014,0.02615,168.01053967555
0.328026689897178,156.70260266461,0.0262,166.992619572483
0.327842966607047,157.083332763883,0.02625,165.9334965393
0.327061381840052,157.851724242483,0.0263,164.833431898762
0.325656017922797,158.593662881539,0.02635,163.692697075359
0.323727956076265,158.974985263922,0.0264,162.511573528339
0.321452016297215,158.805339974942,0.02645,161.290352682263
0.319017277216827,158.053439000464,0.0265,160.029335855103
0.316575578545302,156.823632627167,0.02655,158.728834183891
0.314216179795339,155.289962183589,0.0266,157.389168547954
0.311954677694964,153.650798935823,0.02665,156.010669489743
0.309745846247221,152.070430421459,0.0267,154.593677133273
0.307508450445423,150.646221131122,0.02675,153.138541100205
0.305153748859753,149.399331988837,0.0268,151.645620423582
0.302609858641713,148.286221092482,0.02685,150.115283459241
0.299836849627811,147.223642000331,0.0269,148.547907794931
0.296829071831123,146.121639616386,0.02695,146.943880157141
0.293614578004828,144.895879721723,0.027,145.303596315692
0.290239168401894,143.500804432951,0.02705,143.627460986076
0.286752882350555,141.92826516826,0.0271,141.915887729605
0.28319787464815,140.20211157466,0.02715,140.169298851371
0.279600784907913,138.366066647496,0.0272,138.388125296042
0.275968780648089,136.472806898727,0.02725,136.572806541544
0.272297151717353,134.557926982128,0.0273,134.723790490613
0.268570892422063,132.648495609865,0.02735,132.841533360295
0.264771891336638,130.753750861251,0.0274,130.92649956937
0.260884853374259,128.867100532277,0.02745,128.979161623772
0.256901216550316,126.971556101756,0.0275,127
0.252819015160878,125.049616305421,0.02755,124.989503026569
0.248646371232517,123.077719782829,0.0276,122.948166763526
0.244395296470458,121.045314782639,0.02765,120.876494880045
0.240078898710163,118.950596483402,0.0277,118.774998530168
0.235708483375213,116.799394916309,0.02775,116.644196226671
0.231290227933781,114.605363518154,0.0278,114.48461371314
0.226828836098866,112.375330937044,0.02785,112.296783834245
0.222324588272343,110.120488775994,0.0279,110.081246404272
0.21777503550536,107.848717299992,0.02795,107.83854807393
0.213174973116724,105.566893733897,0.028,105.569242195473
0.20852268187969,103.268630833778,0.02805,103.273888686171
0.203817150877547,100.951211603322,0.0281,100.953053890157
0.19905895833111,98.6110083349752,0.02815,98.6073104386871
0.194248419286006,96.2482623038006,0.0282,96.2372371088598
0.189390104651956,93.8547554889463,0.02825,93.8434186808049
0.184488167887276,91.4307855604118,0.0283,91.4264457933995
0.179546182256483,88.9785552099927,0.02835,88.986914798538
0.174564156259501,86.5065866773281,0.0284,86.5254276139896
0.169542849242825,84.0152859094484,0.02845,84.0425915748851
0.164480363869198,81.5105253109146,0.0285,81.5390192838661
0.15937463063271,78.9937968672275,0.02855,79.0153284599331
0.154222686641869,76.4672107517868,0.0286,76.4721417860346
0.149026345617624,73.9213704684752,0.02865,73.9100867554273
0.143787567881266,71.3548282541173,0.0287,71.3297955168538
0.138510767120206,68.7630275445606,0.02875,68.7319047185669
0.133198449277499,66.1500410469556,0.0288,66.1170553512482
0.127855791558228,63.5119896836911,0.02885,63.4858925898526
0.122486334278627,60.852590106689,0.0289,60.8390656344203
0.117093174109831,58.1743266719742,0.02895,58.1772275498969
0.111674744904283,55.4879266390699,0.029,55.5010351050003
0.106231663007272,52.7910714171891,0.02905,52.8111486101712
0.100765486971956,50.0817746023061,0.0291,50.1082317546529
0.0952771553399771,47.3614554530928,0.02915,47.3929514427345
0.0897665591918785,44.6329785687278,0.0292,44.6659776292038
0.0842340505916209,41.8962691774101,0.02925,41.9279831540442
0.0786839538912972,39.1436239913693,0.0293,39.1796435764232
0.0731158560377558,36.3841869578319,0.02935,36.4216370080076
0.0675325215700246,33.613548944563,0.0294,33.6546439456486
0.0619357388331279,30.8335961692044,0.02945,30.8793471034816
0.0563289948732486,28.0418481760459,0.0295,28.0964312444741
0.0507105427465354,25.2493258322908,0.02955,25.3065830114733
0.0450820616750265,22.4512542505383,0.0296,22.5104907577846
0.0394458376712639,19.6460543444177,0.02965,19.7088443773331
0.0338007704888152,16.840993027457,0.0297,16.9023351344416
0.0281500401999398,14.0289478685793,0.02975,14.0916554932704
0.0224964226106289,11.2101883565331,0.0298,11.2774989469646
0.016839856166505,8.39130640164348,0.02985,8.46055984654208
0.0111800737940442,5.57432547670175,0.0299,5.64153322957552
0.00552022252992626,2.75299155859112,0.02995,2.82111464870095
-0.000138040257266631,-0.0700517166761513,0.03,-2.53056936119398e-13
-0.00579576035959986,-2.88819267747289,0.03005,-2.82111464870114
-0.0114494204639847,-5.70924416173996,0.0301,-5.64153322957602
-0.017097899408565,-8.52896495620082,0.03015,-8.46055984654226
-0.0227396976456175,-11.3467812144467,0.0302,-11.2774989469648
-0.0283745769842302,-14.1594466358148,0.03025,-14.0916554932706
-0.0340004243210265,-16.9697665855278,0.0303,-16.9023351344418
-0.0396152654166155,-19.7773370821064,0.03035,-19.7088443773333
-0.0452176879391162,-22.580292153524,0.0304,-22.5104907577848
-0.0508090598480117,-25.3720626853346,0.03045,-25.3065830114735
-0.0563857770335075,-28.1613572123649,0.0305,-28.0964312444743
-0.0619461712723911,-30.9450355863664,0.03055,-30.8793471034818
-0.0674915367622469,-33.7158647630152,0.0306,-33.6546439456488
-0.073017928754063,-36.482956171481,0.03065,-36.4216370080078
-0.0785234809285016,-39.2429101181618,0.0307,-39.1796435764234
-0.0840074801283729,-41.9920998882205,0.03075,-41.9279831540444
-0.0894698017093702,-44.7281926595728,0.0308,-44.665977629204
-0.0949079588708468,-47.455198499484,0.03085,-47.3929514427347
-0.100320233456091,-50.171626856994,0.0309,-50.1082317546531
-0.105707990972719,-52.8703301608623,0.03095,-52.8111486101713
-0.111068594390579,-55.557948635877,0.031,-55.5010351050005
-0.116398889372566,-58.2360951232862,0.03105,-58.1772275498973
-0.121697287377421,-60.9010906994919,0.0311,-60.8390656344205
-0.126964481617327,-63.5470280344692,0.03115,-63.4858925898531
-0.132199471017284,-66.1760114808433,0.0312,-66.1170553512486
-0.137400227997062,-68.7900794003697,0.03125,-68.731904718567
-0.142564926302386,-71.3885969258567,0.0313,-71.3297955168543
-0.14769314726542,-73.9679920706046,0.03135,-73.9100867554278
-0.152782635617006,-76.530942594396,0.0314,-76.4721417860347
-0.157831760761109,-79.0760575729823,0.03145,-79.0153284599335
-0.162839199257909,-81.6019019753393,0.0315,-81.5390192838663
-0.167805899074119,-84.1030930591157,0.03155,-84.0425915748855
-0.172729778319379,-86.5846115961159,0.0316,-86.5254276139897
-0.17760912350625,-89.0460716413836,0.03165,-88.9869147985382
-0.182441797274832,-91.4877107698596,0.0317,-91.4264457933999
-0.187226090556521,-93.9080997454226,0.03175,-93.8434186808051
-0.191956690315376,-96.3137633891939,0.0318,-96.23723710886
-0.196629395937983,-98.7026462662317,0.03185,-98.6073104386873
-0.2012414939157,-101.070464709099,0.0319,-100.953053890157
-0.2057939913568,-103.408224177548,0.03195,-103.273888686172
-0.210286376721155,-105.717258326561,0.032,-105.569242195473
-0.214719436073028,-107.994942817284,0.03205,-107.83854807393
-0.219094311565028,-110.239980107331,0.0321,-110.081246404272
-0.223412004895127,-112.452375539256,0.03215,-112.296783834245
-0.227675138050503,-114.628761087931,0.0322,-114.48461371314
-0.231882333591161,-116.776763892488,0.03225,-116.644196226671
-0.236031932030339,-118.897950798995,0.0323,-118.774998530168
-0.240121898293223,-120.992848718911,0.03235,-120.876494880046
-0.244152110540431,-123.057080906261,0.0324,-122.948166763525
-0.248119832331941,-125.094832778001,0.03245,-124.98950302657
-0.252023096141563,-127.10468325112,0.0325,-127
-0.255860485827939,-129.084695825136,0.03255,-128.979161623772
-0.259631154448621,-131.032901062115,0.0326,-130.92649956937
-0.263334697124872,-132.94768174091,0.03265,-132.841533360295
-0.266973117556378,-134.823563347641,0.0327,-134.723790490614
-0.270545039855286,-136.66645880851,0.03275,-136.572806541544
-0.274049313653043,-138.476633763136,0.0328,-138.388125296043
-0.277484653305034,-140.254019835372,0.03285,-140.169298851371
-0.280849772304863,-141.998198135438,0.0329,-141.915887729605
-0.284145469883519,-143.704448481642,0.03295,-143.627460986076
-0.287369652477968,-145.377666922369,0.033,-145.303596315692
-0.290520739303024,-147.017252139121,0.03305,-146.943880157141
-0.293597399541606,-148.622154492693,0.0331,-148.547907794931
-0.296598631205117,-150.191130595489,0.03315,-150.115283459241
-0.299523746590444,-151.722992317876,0.0332,-151.645620423582
-0.302372288185043,-153.216790681933,0.03325,-153.138541100205
-0.305146045119939,-154.667562865663,0.0333,-154.593677133273
-0.307843445895418,-156.081312619152,0.03335,-156.010669489743
-0.3104632285556,-157.458189306678,0.0334,-157.389168547954
-0.313004137716356,-158.797867885798,0.03345,-158.728834183891
-0.315465070390364,-160.099647746055,0.0335,-160.029335855103
-0.317845158082907,-161.362624466904,0.03355,-161.290352682263
-0.320143778867316,-162.585876871203,0.0336,-162.511573528339
-0.322362439450947,-163.764699560882,0.03365,-163.692697075359
-0.324499729802607,-164.904241473753,0.0337,-164.833431898762
-0.326554633339367,-166.004384607388,0.03375,-165.9334965393
-0.328526219610233,-167.064673861913,0.0338,-166.992619572483
-0.33041373100414,-168.084436555594,0.03385,-168.010539675551
-0.332216613674514,-169.062931904326,0.0339,-168.987005691949
-0.333934497148931,-169.999487499743,0.03395,-169.9217766933
-0.335567138671004,-170.893592241331,0.034,-170.814622038845
-0.337114353487796,-171.744932390377,0.03405,-171.665321432357
-0.338575951166546,-172.553374181679,0.0341,-172.473664976489
-0.339951692229981,-173.318908749378,0.03415,-173.239453224566
-0.34124127135936,-174.041580943267,0.0342,-173.962497229798
-0.342446377090712,-174.717250546423,0.03425,-174.642618591895
-0.34356531990266,-175.35219545079,0.0343,-175.279649501089
-0.344596876603176,-175.946380673446,0.03435,-175.873432779533
-0.345540036920147,-176.499136940116,0.0344,-176.42382192009
-0.34639414750158,-177.009428443542,0.03445,-176.930681122474
-0.347158942904425,-177.476155001911,0.0345,-177.393885326762
-0.347834480355276,-177.898407412026,0.03455,-177.813320244248
-0.348421014961371,-178.275623704394,0.0346,-178.188882385641
-0.348918858702166,-178.607629472429,0.03465,-178.520479086602
-0.34932826116626,-178.894577389715,0.0347,-178.808028530609
-0.349648823317413,-179.137866137972,0.03475,-179.051459769137
-0.349881429423794,-179.33510953369,0.0348,-179.250712739172
-0.350025727026662,-179.488510525964,0.03485,-179.405738278025
-0.350081398535347,-179.598390890354,0.0349,-179.516498135463
-0.350048109922129,-179.664820187299,0.03495,-179.582964983149
-0.349925597292585,-179.687648945232,0.035,-179.605122421383
-0.3523528555309,-174.29913475734,0.03505,-179.582964983149
-0.359915244434509,-162.964339570777,0.0351,-179.516498135463
-0.372512676238398,-151.414544003948,0.03515,-179.405738278025
-0.388507518163188,-143.830285512739,0.0352,-179.250712739172
-0.405519030893154,-142.232471388737,0.03525,-179.051459769137
-0.421202220061087,-146.538700505748,0.0353,-178.808028530609
-0.43382178801113,-155.12201255522,0.03535,-178.520479086602
-0.44253316171739,-165.605001982389,0.0354,-178.188882385641
-0.447381312078901,-175.625174638097,0.03545,-177.813320244248
-0.449079385347349,-183.420973791214,0.0355,-177.393885326762
-0.448686708234311,-188.105332483507,0.03555,-176.930681122474
-0.447282962516707,-189.668396591485,0.0356,-176.42382192009
-0.445719944960462,-188.765262719583,0.03565,-175.873432779533
-0.444491000899915,-186.396397330917,0.0357,-175.279649501089
-0.443719720705922,-183.585337415145,0.03575,-174.642618591895
-0.443240242852104,-181.132339991799,0.0358,-173.962497229798
-0.442726391992473,-179.484265440089,0.03585,-173.239453224566
-0.441825940926935,-178.722646379894,0.0359,-172.473664976489
-0.440266150800099,-178.642826942335,0.03595,-171.665321432357
-0.437912295574634,-178.88190703254,0.036,-170.814622038845
-0.434775589782147,-179.054825905162,0.03605,-169.921776693299
-0.430987300880884,-178.849270941848,0.0361,-168.987005691949
-0.42674399415813,-178.097080764936,0.03615,-168.01053967555
-0.42225231932121,-176.779137027766,0.0362,-166.992619572483
-0.417684115507816,-174.995929181428,0.03625,-165.9334965393
-0.413149121669822,-172.918904975617,0.0363,-164.833431898762
-0.408693395117313,-170.724898701624,0.03635,-163.692697075359
-0.404307067460456,-168.564876671931,0.0364,-162.511573528339
-0.399945651345236,-166.532326580793,0.03645,-161.290352682263
-0.395551746658877,-164.660298706261,0.0365,-160.029335855103
-0.39107908303932,-162.919908086009,0.03655,-158.728834183891
-0.386500743716641,-161.2561084295,0.0366,-157.389168547954
-0.381813161121683,-159.604445873477,0.03665,-156.010669489743
-0.377032599790997,-157.909972101008,0.0367,-154.593677133273
-0.372186062996076,-156.141429862435,0.03675,-153.138541100205
-0.367306002153019,-154.284617020434,0.0368,-151.645620423582
-0.362419274757923,-152.351802884219,0.03685,-150.115283459241
-0.357542606260954,-150.368562816076,0.0369,-148.54790779493
-0.352679779631041,-148.367035282645,0.03695,-146.943880157141
-0.347827103374372,-146.367451180866,0.037,-145.303596315692
-0.342973519484016,-144.386416608035,0.03705,-143.627460986076
-0.338105038974126,-142.429853342141,0.0371,-141.915887729605
-0.333206955683346,-140.496901150595,0.03715,-140.169298851371
-0.328270389965239,-138.572249110047,0.0372,-138.388125296042
-0.32328992371742,-136.643758216189,0.03725,-136.572806541543
-0.318263724646566,-134.700412852715,0.0373,-134.723790490613
-0.313191021989862,-132.737262029783,0.03735,-132.841533360294
-0.30807480488859,-130.745318730987,0.0374,-130.92649956937
-0.302917099706813,-128.725062017731,0.03745,-128.979161623772
-0.297718476296856,-126.67970663033,0.0375,-127
-0.292476361148503,-124.616231774083,0.03755,-124.98950302657
-0.287189287964853,-122.533259369753,0.0376,-122.948166763525
-0.281854165206023,-120.433568711219,0.03765,-120.876494880045
-0.276467374997421,-118.318327454452,0.0377,-118.774998530167
-0.271024154585665,-116.189633989311,0.03775,-116.644196226671
-0.265522904774212,-114.040903277027,0.0378,-114.48461371314
-0.259962330796656,-111.87023351118,0.03785,-112.296783834245
-0.254340313891455,-109.679030867785,0.0379,-110.081246404272
-0.248658200262138,-107.460534326357,0.03795,-107.838548073929
-0.242916979151787,-105.214728917623,0.038,-105.569242195473
-0.237117497879424,-102.942433151963,0.03805,-103.273888686171
-0.23125898778938,-100.647604074273,0.0381,-100.953053890156
-0.225343024727771,-98.3265094227939,0.03815,-98.6073104386869
-0.219370404493763,-95.9806431327556,0.0382,-96.2372371088599
-0.213340177278796,-93.6143632139103,0.03825,-93.8434186808047
-0.207254091903294,-91.2232802176426,0.0383,-91.4264457933995
-0.20111327485573,-88.8084792239947,0.03835,-88.9869147985378
-0.194918751058744,-86.3709579853199,0.0384,-86.5254276139896
-0.188670264860961,-83.914075278056,0.03845,-84.0425915748851
-0.182370044374731,-81.4337966291688,0.0385,-81.5390192838658
-0.176019879202549,-78.9309766389956,0.03855,-79.0153284599331
-0.169617297922624,-76.4151241001953,0.0386,-76.4721417860346
-0.163161919232715,-73.8838576968293,0.03865,-73.9100867554273
-0.156651717254852,-71.3404156284117,0.0387,-71.3297955168535
-0.150084760754214,-68.7853651851649,0.03875,-68.7319047185666
-0.143463574965033,-66.2099243002486,0.0388,-66.1170553512485
-0.136791926985787,-63.6107360585492,0.03885,-63.4858925898526
-0.130071512704593,-60.9924232195309,0.0389,-60.83906563442
-0.123309003270582,-58.3464861615742,0.03895,-58.1772275498972
-0.116508149557895,-55.6786629241044,0.039,-55.5010351049998
-0.109672693564417,-52.9910497194854,0.03905,-52.8111486101712
-0.102806974927941,-50.2837559192682,0.0391,-50.1082317546526
-0.0959127243147136,-47.5630852701638,0.03915,-47.3929514427342
-0.0889904005212104,-44.8334003321873,0.0392,-44.6659776292038
-0.0820437277855482,-42.0892524209405,0.03925,-41.9279831540439
-0.0750733349012851,-39.3367240177872,0.0393,-39.1796435764232
-0.0680803334215031,-36.5763863649361,0.03935,-36.4216370080073
-0.0610675343810855,-33.8053390379515,0.0394,-33.6546439456484
-0.0540373091713761,-31.0246236946363,0.03945,-30.8793471034817
-0.0469913769931321,-28.2364112079945,0.0395,-28.0964312444738
-0.0399319800532435,-25.440595831451,0.03955,-25.306583011473
-0.0328602699169164,-22.6399883155008,0.0396,-22.5104907577846
-0.0257796495584561,-19.8310019677179,0.03965,-19.7088443773331
-0.018693596559514,-17.0135777837342,0.0397,-16.9023351344416
-0.0116024473851121,-14.1948864856533,0.03975,-14.0916554932701
-0.00450875079839647,-11.3721244111674,0.0398,-11.2774989469646
0.00258561205008234,-8.54674436943031,0.03985,-8.4605598465421
0.00968026864687399,-5.72263802115112,0.0399,-5.64153322957554
0.0167730838124205,-2.89728860820684,0.03995,-2.82111464870097
0.0238614479174425,-0.069830977653611,0.04,5.5010443989556e-13
0.0309455404520654,2.75356476728402,0.04005,2.82111464870112
0.0380227896215644,5.57705634362992,0.0401,5.641533229576
0.0450909585688183,8.40010572390996,0.04015,8.46055984654256
0.0521494121437484,11.2187336483507,0.0402,11.2774989469644
0.059194841313767,14.0372354011546,0.04025,14.0916554932709
0.0662266069264632,16.8502368994604,0.0403,16.9023351344418
0.0732432923283976,19.6579060306427,0.04035,19.7088443773336
0.0802419847206851,22.4628306408201,0.0404,22.5104907577851
0.0872233719649403,25.2574710402264,0.04045,25.3065830114732
0.0941852874921094,28.0459986342649,0.0405,28.0964312444746
0.101124508238355,30.8307619269051,0.04055,30.8793471034818
0.108041098902583,33.6047544132246,0.0406,33.6546439456491
0.114932539089643,36.3716050487544,0.04065,36.4216370080078
0.12179673829416,39.1304833808523,0.0407,39.1796435764234
0.128632591191178,41.8786284349339,0.04075,41.9279831540447
0.135439104932446,44.6148349175998,0.0408,44.665977629204
0.142213053150867,47.3429881849658,0.04085,47.3929514427346
0.148955578956213,50.0541910350542,0.0409,50.1082317546531
0.155662955189839,52.7565237566683,0.04095,52.8111486101713
0.162333405779048,55.4467460118874,0.041,55.5010351050008
0.168966985823164,58.1199614206717,0.04105,58.177227549897
0.175561237719331,60.7800740598895,0.0411,60.8390656344204
0.182113451048222,63.4277151230195,0.04115,63.4858925898531
0.188621046905061,66.0620609609151,0.0412,66.1170553512486
0.195077686755804,68.6899515466827,0.04125,68.7319047185676
0.201477750897213,71.3100536092045,0.0413,71.3297955168539
0.207818658049736,73.9148750119973,0.04135,73.9100867554277
0.214097583590667,76.5029088780676,0.0414,76.472141786035
0.220313795826266,79.0690480866041,0.04145,79.0153284599332
0.226469365166472,81.6063711303889,0.0415,81.5390192838662
0.232564943797638,84.1166061088081,0.04155,84.0425915748855
0.238601404534619,86.5995820627772,0.0416,86.52542761399
0.244579176082092,89.0561094040114,0.04165,88.9869147985384
0.25049976469632,91.4839977506754,0.0417,91.4264457933996
0.256361473329432,93.8893186896762,0.04175,93.8434186808051
0.262162387293959,96.273165764196,0.0418,96.2372371088603
0.267901960990421,98.6323973130429,0.04185,98.6073104386875
0.273577477176244,100.970465276925,0.0419,100.953053890157
0.279186758819903,103.286262204622,0.04195,103.273888686171
0.284728078693167,105.578072221992,0.042,105.569242195473
0.290201964844985,107.8404741795,0.04205,107.83854807393
0.295606711387292,110.076810455382,0.0421,110.081246404272
0.300941112347125,112.286223428099,0.04215,112.296783834245
0.306205561737351,114.464877317991,0.0422,114.48461371314
0.311398383148491,116.616069516379,0.04225,116.644196226671
0.3165180853396,118.739577143162,0.0423,118.774998530168
0.321563185998153,120.834880874421,0.04235,120.876494880046
0.326533821339971,122.898139999718,0.0424,122.948166763526
0.331428009826754,124.932720981993,0.04245,124.98950302657
0.33624406786746,126.938155918748,0.0425,127
0.340980442221826,128.913623287497,0.04255,128.979161623772
0.345637262833642,130.855106438691,0.0426,130.92649956937
0.350212699649412,132.765642893642,0.04265,132.841533360295
0.354705245353325,134.644701179179,0.0427,134.723790490613
0.35911351869444,136.491509972741,0.04275,136.572806541544
0.363436306955526,138.305194481348,0.0428,138.388125296043
0.367674271134705,140.081426700055,0.04285,140.169298851371
0.371825604745262,141.824327591012,0.0429,141.915887729606
0.375888822203456,143.533610253608,0.04295,143.627460986076
0.379862527557585,145.208653028047,0.043,145.303596315692
0.383745493694063,146.848632468885,0.04305,146.943880157142
0.387538439462953,148.44910756381,0.0431,148.54790779493
0.391239557464528,150.014332926477,0.04315,150.115283459242
0.394847441266262,151.543912724753,0.0432,151.645620423582
0.398360828738717,153.037133729815,0.04325,153.138541100205
0.401778664072238,154.493127921701,0.0433,154.593677133273
0.405101665897688,155.907849284278,0.04335,156.010669489743
0.408328324957019,157.285050444459,0.0434,157.389168547954
0.411457472513088,158.624434288862,0.04345,158.728834183891
0.414488045825318,159.92544781417,0.0435,160.029335855103
0.417419142502909,161.187403189483,0.04355,161.290352682263
0.420250028211947,162.409603740804,0.0436,162.511573528339
0.422981514807418,163.588580906783,0.04365,163.692697075359
0.425612344080515,164.727921418962,0.0437,164.833431898762
0.4281415162824,165.827528866057,0.04375,165.9334965393
0.430568096945256,166.887025104669,0.0438,166.992619572483
0.432891288159662,167.905851070837,0.04385,168.01053967555
0.435110454765189,168.883388814789,0.0439,168.987005691949
0.437225110379451,169.819069733069,0.04395,169.921776693299
0.439234876730156,170.712446127427,0.044,170.814622038845
0.441139432874708,171.563217884335,0.04405,171.665321432357
0.442939972878904,172.368160860629,0.0441,172.473664976489
0.444635244813839,173.131770284338,0.04415,173.239453224566
0.446224293838582,173.854085505089,0.0442,173.962497229798
0.447706263799133,174.534731509031,0.04425,174.642618591895
0.449080497261811,175.173075676017,0.0443,175.279649501089
0.45034656808835,175.768410301871,0.04435,175.873432779533
0.451504255575637,176.320110018309,0.0444,176.42382192009
0.452553481135243,176.827732126431,0.04445,176.930681122474
0.453494232336197,177.291049778847,0.0445,177.393885326762
0.454326495977225,177.710026809024,0.04455,177.813320244248
0.455050214219654,178.084754991664,0.0446,178.188882385641
0.455665268681106,178.415378437471,0.04465,178.520479086602
0.45617148935978,178.702026751554,0.0447,178.808028530609
0.456568680006872,178.944771020758,0.04475,179.051459769137
0.456856649670343,179.143607609147,0.0448,179.250712739172
0.457035241214414,179.298466725564,0.04485,179.405738278025
0.457104350665045,179.409237464217,0.0449,179.516498135463
0.45706393500801,179.475799096678,0.04495,179.582964983149
0.456914009470694,179.498049441142,0.045,179.605122421383
0.456654637616295,179.475924150881,0.04505,179.582964983149
0.456285918489459,179.40940451992,0.0451,179.516498135463
0.455807974701888,179.298514801194,0.04515,179.405738278025
0.455220944138174,179.143312332609,0.0452,179.250712739172
0.45452497640509,178.943874687185,0.04525,179.051459769137
0.453720233708539,178.700287726997,0.0453,178.808028530609
0.452806894841762,178.412637244339,0.04535,178.520479086602
0.451785160539637,178.081005325164,0.0454,178.188882385641
0.450655258557392,177.705471134726,0.04545,177.813320244248
0.449417447308888,177.286114823645,0.0455,177.393885326762
0.448072017540058,176.823022819765,0.04555,176.930681122474
0.44661929211976,176.316292869372,0.0456,176.42382192009
0.445059624464739,175.766037662411,0.04565,175.873432779533
0.443393396314792,175.172386512813,0.0457,175.279649501088
0.44162101554917,174.535485170346,0.04575,174.642618591895
0.439742914548778,173.855494274207,0.0458,173.962497229798
0.437757679463323,173.136390119613,0.04585,173.239453224566
0.435667865833663,172.370787889637,0.0459,172.473664976488
0.433474453393734,171.560989649075,0.04595,171.665321432357
0.431178245202612,170.708094341718,0.046,170.814622038845
0.428779754373298,169.813163632774,0.04605,169.921776693299
0.426279293227713,168.877025938509,0.0461,168.987005691949
0.423677095317057,167.900189163064,0.04615,168.01053967555
0.42097343228835,166.882855985268,0.0462,166.992619572483
0.418168698398689,165.825012142984,0.04625,165.9334965393
0.415262262300233,164.728963773485,0.0463,164.833431898762
0.412256008929593,163.590117195874,0.04635,163.692697075359
0.409151327431721,162.409058304555,0.0464,162.511573528339
0.405949390404017,161.18673810339,0.04645,161.290352682263
0.402651113491145,159.924222527895,0.0465,160.029335855103
0.399257193853706,158.622479890633,0.04655,158.72883418389
0.395766887971702,157.284912827695,0.0466,157.389168547954
0.392182046118791,155.906977849361,0.04665,156.010669489743
0.388503877782937,154.489572941499,0.0467,154.593677133273
0.384733384277419,153.033680876859,0.04675,153.138541100205
0.380871393604154,151.540196497635,0.0468,151.645620423582
0.376918634619354,150.009821394132,0.04685,150.115283459241
0.372874725416059,148.445265622992,0.0469,148.54790779493
0.36874160315385,146.842491498652,0.04695,146.943880157141
0.364520662876848,145.202333308132,0.047,145.303596315692
0.360213114051867,143.525767903965,0.04705,143.627460986076
0.355819993263802,141.813743084182,0.0471,141.915887729605
0.351341201829106,140.069131786295,0.04715,140.16929885137
0.346778731396575,138.288451413045,0.0472,138.388125296042
0.342133975626153,136.472778856462,0.04725,136.572806541544
0.337408114431563,134.623207349162,0.0473,134.723790490613
0.332600989969417,132.743084869024,0.04735,132.841533360295
0.32771479111617,130.828502747325,0.0474,130.92649956937
0.322751018130875,128.880681541313,0.04745,128.979161623772
0.317710921719791,126.900843205038,0.0475,127
0.312594349965883,124.892514375042,0.04755,124.98950302657
0.30740356057281,122.851704727065,0.0476,122.948166763525
0.30214010878715,120.779668431472,0.04765,120.876494880045
0.29680530560001,118.677642578138,0.0477,118.774998530167
0.291399119023509,116.549055577588,0.04775,116.644196226671
0.285923830654352,114.390122400172,0.0478,114.48461371314
0.280381051015444,112.202087292441,0.04785,112.296783834245
0.274772161576089,109.98617307705,0.0479,110.081246404272
0.269097331105883,107.745561286848,0.04795,107.83854807393
0.263358812505404,105.476925908115,0.048,105.569242195473
0.257558246805877,103.181484422793,0.04805,103.273888686171
0.251695812956388,100.862975340943,0.0481,100.953053890156
0.245774068178779,98.5175927612854,0.04815,98.6073104386869
0.239794804867002,96.1468252579185,0.0482,96.2372371088596
0.233758109938866,93.7549871012032,0.04825,93.843418680805
0.227666633718523,91.3379969583373,0.0483,91.4264457933995
0.221522171690383,88.8974903003619,0.04835,88.9869147985378
0.215326193583557,86.4350077227179,0.0484,86.5254276139893
0.209078780447762,83.9541791450493,0.04845,84.0425915748848
0.202782239264849,81.4514790405422,0.0485,81.5390192838661
0.19643828453022,78.9280711824583,0.04855,79.0153284599331
0.190047220437572,76.3876068249199,0.0486,76.4721417860343
0.183611681330609,73.8263975981167,0.04865,73.9100867554271
0.177076362711861,71.3622641594196,0.0487,71.3297955168536
0.170377759778792,69.0267200302057,0.04875,68.7319047185669
0.163623344720954,66.4692286882645,0.0488,66.1170553512482
0.156870508759773,63.7411111230549,0.04885,63.4858925898523
0.150149809027265,60.9165007960366,0.0489,60.83906563442
0.143465289171017,58.0684238361947,0.04895,58.1772275498966
0.136801283594811,55.2513328495046,0.049,55.5010351050001
0.130129716831606,52.4980879699314,0.04905,52.8111486101709
0.123425417559774,49.8044651639867,0.0491,50.1082317546527
0.116666930926546,47.1581461880116,0.04915,47.3929514427342
0.109843011829184,44.5329572686258,0.0492,44.6659776292032
0.102956161118747,41.894695396029,0.04925,41.9279831540439
0.0960148761992408,39.2256397334952,0.0493,39.1796435764232
0.0890322298574,36.5151162018445,0.04935,36.4216370080073
0.0820238015452041,33.7586498507798,0.0494,33.6546439456484
0.0750006779477483,30.9674487171696,0.04945,30.8793471034811
0.0679701036253542,28.1535945670096,0.0495,28.0964312444742
0.0609361076002499,25.3273380331605,0.04955,25.306583011473
0.0538984359226265,22.5001668948406,0.0496,22.5104907577843
0.0468540509388585,19.6800701432127,0.04965,19.7088443773328
0.039800780500629,16.8665222332483,0.0497,16.902335134441
0.0327341127825553,14.0640416651035,0.04975,14.0916554932705
0.0256549681022734,11.2620239701278,0.0498,11.2774989469643
0.0185662719363158,8.45478429901775,0.04985,8.4605598465418
0.0114696315400276,5.6446928487481,0.0499,5.64153322957588
0.00437061105441011,2.82475507075073,0.04995,2.82111464870068
-0.00272770673179445,-0.000158262381566965,0.05,-2.09066368462635e-13
-0.00982320250009233,-2.82636239024792,0.05005,-2.82111464870141
-0.0169119395041375,-5.65623297315634,0.0501,-5.64153322957598
-0.0239921083999289,-8.48503771945921,0.05015,-8.46055984654222
-0.0310638357998374,-11.3073914225735,0.0502,-11.277498946965
-0.038125091028684,-14.1264088084095,0.05025,-14.0916554932709
-0.0451743367174305,-16.9411270181532,0.0503,-16.9023351344418
-0.0522115858766191,-19.7477079635043,0.05035,-19.7088443773336
-0.0592341326870146,-22.5506697335697,0.0504,-22.5104907577847
-0.0662404699879319,-25.3477630093748,0.05045,-25.3065830114734
-0.0732302305652795,-28.1357231350666,0.0505,-28.0964312444743
-0.0802000875044044,-30.9196009003517,0.05055,-30.8793471034818
-0.087149945361704,-33.6930156639679,0.0506,-33.6546439456491
-0.0940769138738536,-36.460116463941,0.05065,-36.4216370080078
-0.100977732745439,-39.2217415786581,0.0507,-39.1796435764233
-0.10785227326656,-41.9709120744318,0.05075,-41.9279831540443
-0.114698138336873,-44.7106023713801,0.0508,-44.6659776292039
-0.121513260880904,-47.4400920640624,0.05085,-47.3929514427349
-0.128296854563156,-50.1560594120215,0.0509,-50.1082317546528
-0.13504801758816,-52.8577165547524,0.05095,-52.8111486101713
-0.141763551478158,-55.5491842939225,0.051,-55.5010351050005
-0.148443840688378,-58.2232250724773,0.05105,-58.1772275498973
-0.155086371518062,-60.8841254132058,0.0511,-60.8390656344207
-0.161688412499321,-63.5325165501734,0.05115,-63.4858925898527
-0.168250942819216,-66.1602971814611,0.0512,-66.1170553512486
-0.174770527371544,-68.7747671425543,0.05125,-68.7319047185673
-0.181305241127839,-71.2514655273405,0.0513,-71.3297955168542
-0.187819146535197,-73.7659328961844,0.05135,-73.910086755428
-0.194269512083119,-76.3600243884625,0.0514,-76.4721417860347
-0.200629921593834,-79.0015766232236,0.05145,-79.0153284599335
-0.206888994958475,-81.6495207052254,0.0515,-81.5390192838665
-0.213047026117099,-84.2705444632804,0.05155,-84.0425915748858
-0.219114489092922,-86.8378407496557,0.0516,-86.5254276139902
-0.225106544577747,-89.3386010099256,0.05165,-88.9869147985381
-0.231039826777752,-91.7698654989824,0.0517,-91.4264457933999
-0.236924252260687,-94.1472733559728,0.05175,-93.8434186808053
-0.24276421636327,-96.4864047219528,0.0518,-96.2372371088605
-0.248560118503339,-98.7987158581094,0.05185,-98.6073104386878
-0.25430572147472,-101.099531443345,0.0519,-100.953053890157
-0.259993015402524,-103.394000751708,0.05195,-103.273888686172
-0.265614105271932,-105.681228594486,0.052,-105.569242195474
-0.27116474010832,-107.952069074691,0.05205,-107.83854807393
-0.276640374169427,-110.204427144962,0.0521,-110.081246404272
-0.282039247108849,-112.431333140485,0.05215,-112.296783834245
-0.287363200782548,-114.623675492114,0.0522,-114.48461371314
-0.292612763015249,-116.782491871877,0.05225,-116.644196226671
-0.297788906130757,-118.907001145376,0.0523,-118.774998530168
-0.30289215670964,-120.997921927005,0.05235,-120.876494880046
-0.307924035154516,-123.053246293357,0.0524,-122.948166763526
-0.312882692532722,-125.079441404053,0.05245,-124.98950302657
-0.317765858837679,-127.078093858891,0.0525,-127
-0.322570938739641,-129.049581816127,0.05255,-128.979161623772
-0.327297168197469,-130.989629803225,0.0526,-130.92649956937
-0.331941613411414,-132.9014950008,0.05265,-132.841533360295
-0.336502068436663,-134.783689116884,0.0527,-134.723790490613
-0.340976855581087,-136.634335691841,0.05275,-136.572806541544
-0.345366433067834,-138.448313844924,0.0528,-138.388125296043
-0.349669298531204,-140.2285412444,0.05285,-140.169298851371
-0.35388433337784,-141.974430518264,0.0529,-141.915887729605
-0.3580104682991,-143.685452136035,0.05295,-143.627460986076
-0.362046664333193,-145.361139428572,0.053,-145.303596315692
-0.365993623686059,-146.997568200371,0.05305,-146.943880157142
-0.369849505197954,-148.599124362752,0.0531,-148.54790779493
-0.37361269640172,-150.165779781441,0.05315,-150.115283459241
-0.377281643370368,-151.697032517125,0.0532,-151.645620423582
-0.380854977617156,-153.192051614464,0.05325,-153.138541100205
-0.384333198140345,-154.646561830522,0.0533,-154.593677133273
-0.387714636888722,-156.064117311618,0.05335,-156.010669489743
-0.390998009772859,-157.444275311068,0.0534,-157.389168547954
-0.394182177557182,-158.786364671218,0.05345,-158.728834183891
-0.397266184569785,-160.089623008151,0.0535,-160.029335855103
-0.400249250162072,-161.353324118787,0.05355,-161.290352682263
-0.403132299278834,-162.573669296978,0.0536,-162.511573528339
-0.40591398416842,-163.754616562772,0.05365,-163.692697075359
-0.408593198581425,-164.896167204289,0.0537,-164.833431898762
-0.411168876734291,-165.998000111888,0.05375,-165.9334965393
-0.413640082695725,-167.059564818314,0.0538,-166.992619572483
-0.416006052631859,-168.080209330197,0.05385,-168.01053967555
-0.418266191549913,-169.059302942577,0.0539,-168.987005691949
-0.420420036792609,-169.996325529084,0.05395,-169.9217766933
-0.422468801194684,-170.887664812062,0.054,-170.814622038845
-0.424411262903015,-171.737723538987,0.05405,-171.665321432357
-0.426246466496691,-172.546592235626,0.0541,-172.473664976489
-0.427973515573613,-173.313986998413,0.05415,-173.239453224566
-0.429591671728953,-174.039368666917,0.0542,-173.962497229798
-0.431100396938299,-174.722096269967,0.05425,-174.642618591895
-0.432499343381714,-175.361568880283,0.0543,-175.279649501089
-0.433788306457318,-175.95732444418,0.05435,-175.873432779533
-0.434967161663743,-176.509082539066,0.0544,-176.42382192009
-0.436035804704023,-177.016734898376,0.05445,-176.930681122474
-0.436994108486524,-177.480299220514,0.0545,-177.393885326763
-0.43784190314747,-177.899856740565,0.05455,-177.813320244248
-0.438578978098512,-178.275492788285,0.0546,-178.188882385641
-0.439205100027093,-178.607253963005,0.05465,-178.520479086602
-0.439720038457148,-178.895128080992,0.0547,-178.808028530609
-0.440123590777346,-179.139045978021,0.05475,-179.051459769137
-0.440417169689036,-179.335708446186,0.0548,-179.250712739172
-0.440599644753795,-179.489895749365,0.05485,-179.405738278025
-0.440670344106582,-179.601463775331,0.0549,-179.516498135463
-0.440628806261172,-179.669890964806,0.05495,-179.582964983149
-0.440474843731083,-179.694497657719,0.055,-179.605122421383
-0.440208530882173,-179.674650650584,0.05505,-179.582964983149
-0.439830138165556,-179.609907199619,0.0551,-179.516498135463
-0.439338505825863,-179.503203725815,0.05515,-179.405738278025
-0.438735122752502,-179.349623984092,0.0552,-179.250712739172
-0.438020978310763,-179.149540156949,0.05525,-179.051459769137
-0.437196797145344,-178.903798910384,0.0553,-178.808028530609
-0.436262980930194,-178.613410501281,0.05535,-178.520479086602
-0.435219649908364,-178.279279706655,0.0554,-178.188882385641
-0.434066748865595,-177.902033121027,0.05545,-177.813320244248
-0.432804175543577,-177.481960200265,0.0555,-177.393885326762
-0.431431894711903,-177.019053481671,0.05555,-176.930681122474
-0.429950013913325,-176.513113092943,0.0556,-176.42382192009
-0.428358812254385,-175.963873944711,0.05565,-175.873432779533
-0.426658727164755,-175.371119060268,0.0557,-175.279649501088
-0.424850312970553,-174.734755121027,0.05575,-174.642618591895
-0.422934188434944,-174.054841518139,0.0558,-173.962497229798
-0.420910988735836,-173.331577663713,0.05585,-173.239453224566
-0.418781332349841,-172.565262211704,0.0559,-172.473664976488
-0.416544383771728,-171.759135822078,0.05595,-171.665321432357
-0.414201891457757,-170.908581185078,0.056,-170.814622038845
-0.411755033303305,-170.014272904634,0.05605,-169.921776693299
-0.409204744864161,-169.077161996028,0.0561,-168.987005691949
-0.406551710341467,-168.098230422155,0.05615,-168.01053967555
-0.4037964234318,-167.078303021778,0.0562,-166.992619572483
-0.400939285526251,-166.017947782761,0.05625,-165.9334965393
-0.397980707945179,-164.917466173176,0.0563,-164.833431898762
-0.394919846364708,-163.779690496292,0.05635,-163.692697075359
-0.391758537517933,-162.599756371307,0.0564,-162.511573528338
-0.388498170467616,-161.378088456873,0.05645,-161.290352682263
-0.385139982447744,-160.115473396119,0.0565,-160.029335855103
-0.381685004169433,-158.812852077728,0.05655,-158.72883418389
-0.378134075405534,-157.471129807484,0.0566,-157.389168547954
-0.374486542362178,-156.093825532784,0.05665,-156.010669489743
-0.370744333247496,-154.676454408642,0.0567,-154.593677133272
-0.366908782822701,-153.219839107059,0.05675,-153.138541100205
-0.362981027955559,-151.72494320213,0.0568,-151.645620423582
-0.358962024514158,-150.192690769797,0.05685,-150.115283459241
-0.354851163683605,-148.626785048021,0.0569,-148.54790779493
-0.350651720250677,-147.020154861799,0.05695,-146.943880157141
-0.34636333567171,-145.379524829042,0.057,-145.303596315692
-0.341987574786083,-143.702445452761,0.05705,-143.627460986076
-0.337525621237694,-141.989666313462,0.0571,-141.915887729605
-0.332977246290905,-140.244603153589,0.05715,-140.16929885137
-0.328344767016992,-138.462927460562,0.0572,-138.388125296042
-0.323629843721965,-136.6457156454,0.05725,-136.572806541543
-0.318833868895496,-134.794204977742,0.0573,-134.723790490613
-0.313956555494405,-132.912489834247,0.05735,-132.841533360294
-0.309000257560183,-130.996177329531,0.0574,-130.92649956937
-0.303966578254936,-129.046534919142,0.05745,-128.979161623772
-0.298856841839,-127.064858393917,0.0575,-127
-0.293670717105905,-125.055203019875,0.05755,-124.989503026569
-0.288410569906685,-123.013058200866,0.0576,-122.948166763525
-0.283078065596,-120.939579673418,0.05765,-120.876494880045
-0.277674632935838,-118.835977544498,0.0577,-118.774998530167
-0.272200149125782,-116.706107705192,0.05775,-116.644196226671
-0.266657046036322,-114.545754220971,0.0578,-114.48461371314
-0.261047074784351,-112.356110805597,0.05785,-112.296783834245
-0.255371743066316,-110.138431750317,0.0579,-110.081246404272
-0.249631136575795,-107.896339438131,0.05795,-107.83854807393
-0.243827633333907,-105.626146683587,0.058,-105.569242195473
-0.23796298244044,-103.329044195136,0.05805,-103.273888686171
-0.232037317518676,-101.009083613714,0.0581,-100.953053890156
-0.226053293079506,-98.6622125450046,0.05815,-98.6073104386869
-0.220012810270486,-96.2898531305061,0.0582,-96.2372371088602
-0.213917464491054,-93.8934667112362,0.05825,-93.843418680805
-0.207767423160073,-91.4767532167979,0.0583,-91.4264457933995
-0.201565027087641,-89.0363061702101,0.05835,-88.9869147985378
-0.195312029025352,-86.5732933504824,0.0584,-86.5254276139893
-0.189008718161213,-84.0914654760432,0.05845,-84.0425915748854
-0.182657700201938,-81.5871636400945,0.0585,-81.5390192838662
-0.176260930040777,-79.061682944009,0.05855,-79.0153284599331
-0.16981597883171,-76.5247746394627,0.0586,-76.4721417860343
-0.163322335131404,-73.9743502321099,0.05865,-73.9100867554271
-0.156777867942703,-71.4135294881283,0.0587,-71.3297955168539
-0.150180251563193,-68.8433330954805,0.05875,-68.7319047185669
-0.143531824943481,-66.2544965910962,0.0588,-66.1170553512482
-0.136836072501925,-63.6436597595395,0.05885,-63.4858925898524
-0.130094495608344,-61.0151544335592,0.0589,-60.8390656344197
-0.123313597276365,-58.3602815760764,0.05895,-58.1772275498969
-0.116496988074639,-55.6846061352284,0.059,-55.5010351050001
-0.109648276468636,-52.9901097728802,0.05905,-52.8111486101709
-0.102771657796054,-50.2768409046455,0.0591,-50.1082317546524
-0.0958686780918043,-47.551116113345,0.05915,-47.3929514427339
-0.0889396348810158,-44.8171940069912,0.0592,-44.6659776292036
-0.0819880248356285,-42.0696895817957,0.05925,-41.9279831540439
-0.0750142301515685,-39.314679573644,0.0593,-39.1796435764229
-0.0680191561756434,-36.552596446792,0.05935,-36.4216370080071
-0.061005450014858,-33.7803816957282,0.0594,-33.6546439456487
-0.0539753124121196,-30.9990250162643,0.05945,-30.8793471034814
-0.0469302718036009,-28.2106952585793,0.0595,-28.0964312444739
-0.0398724029734535,-25.4152055990653,0.05955,-25.3065830114727
-0.0328027728426871,-22.6151555742264,0.0596,-22.510490757784
-0.0257246900950147,-19.8069247910413,0.05965,-19.7088443773332
-0.0186415156639831,-16.9904809304673,0.0597,-16.9023351344414
-0.011553521832274,-14.172878624762,0.05975,-14.0916554932702
-0.00446318151507263,-11.3513098171711,0.0598,-11.277498946964
0.0026276800680165,-8.52717937452574,0.05985,-8.4605598465415
0.00971878525545139,-5.70444576881548,0.0599,-5.64153322957558
0.0168080631351653,-2.8805344845376,0.05995,-2.8211146487007
0.0238929393641153,-0.0545068032962841,0.06,5.06113872238797e-13
