0,0,0,0
0.00872204953730359,-2.147242746819,5e-05,2.82111464870106
0.0135888675652226,-3.54835901184694,0.0001,5.6415332295758
0.0180199141538331,-3.41165174757056,0.00015,8.46055984654222
0.0236986074374165,-1.86526968875715,0.0002,11.2774989469646
0.0309423369781038,0.6853187499282,0.00025,14.0916554932706
0.0393639568299096,3.8789104193726,0.0003,16.9023351344416
0.0484294969296068,7.45760395405616,0.00035,19.7088443773333
0.0576869496797434,11.2513469451824,0.0004,22.5104907577847
0.066823322956576,15.1459832055871,0.00045,25.3065830114732
0.0756859956292573,19.0379693432039,0.0005,28.0964312444742
0.0841895626103343,22.8496128417522,0.00055,30.8793471034816
0.0923286103750596,26.5133189550941,0.0006,33.6546439456488
0.100110477110919,29.9960723476106,0.00065,36.4216370080076
0.107593872892384,33.2783078244129,0.0007,39.1796435764233
0.114825598179516,36.3742890026477,0.00075,41.9279831540442
0.121873845456768,39.3108789839935,0.0008,44.6659776292037
0.128815348536651,42.1180656738008,0.00085,47.3929514427345
0.135687439661041,44.8448168429318,0.0009,50.1082317546528
0.142541061608751,47.5290592671552,0.00095,52.8111486101713
0.149420675015481,50.1944626856743,0.001,55.5010351050003
0.15631965925536,52.8735907707009,0.00105,58.177227549897
0.163251276360459,55.5775085265575,0.0011,60.8390656344203
0.170208291624086,58.3098983730752,0.00115,63.4858925898527
0.177165484021647,61.0733554187068,0.0012,66.1170553512485
0.184108412799488,63.859143647919,0.00125,68.731904718567
0.191010585690336,66.6592530432812,0.0013,71.3297955168538
0.197841359227539,69.4685106854803,0.00135,73.9100867554275
0.204588502371332,72.2740845663579,0.0014,76.4721417860346
0.211255854742785,75.0536478641422,0.00145,79.0153284599333
0.217820232991101,77.8008232387937,0.0015,81.5390192838662
0.224282372833127,80.5067923492503,0.00155,84.0425915748853
0.230650652729077,83.162652891994,0.0016,86.5254276139897
0.236918922162635,85.7715501169989,0.00165,88.986914798538
0.243096493689897,88.3350878285052,0.0017,91.4264457933996
0.249197463980071,90.8529136699278,0.00175,93.8434186808049
0.255218771743726,93.3336755482656,0.0018,96.23723710886
0.261168946615404,95.7819679881043,0.00185,98.6073104386872
0.267058455968602,98.198275891301,0.0019,100.953053890156
0.272880374866908,100.589519174857,0.00195,103.273888686171
0.278637428042176,102.957776166224,0.002,105.569242195473
0.2843293593635,105.303431671524,0.00205,107.83854807393
0.289959978195322,107.622312988427,0.0021,110.081246404272
0.295515144622312,109.918207335861,0.00215,112.296783834245
0.300994587855545,112.189738668394,0.0022,114.48461371314
0.306401665370393,114.431451010242,0.00225,116.644196226671
0.311724588792321,116.644974857531,0.0023,118.774998530168
0.316963186341756,118.828403945102,0.00235,120.876494880046
0.322116431024245,120.979543218941,0.0024,122.948166763526
0.327188552482827,123.093318047286,0.00245,124.98950302657
0.332168656425262,125.172982511703,0.0025,127
0.337058858533496,127.218126960915,0.00255,128.979161623772
0.3418601252868,129.227945574301,0.0026,130.92649956937
0.34657808277959,131.198579561614,0.00265,132.841533360295
0.351202790267507,133.134169503512,0.0027,134.723790490613
0.355736696679227,135.034938869189,0.00275,136.572806541544
0.360180704479848,136.900437606621,0.0028,138.388125296042
0.364539564305161,138.727211953908,0.00285,140.169298851371
0.368803862544819,140.518794475176,0.0029,141.915887729605
0.372975072851787,142.275171728677,0.00295,143.627460986076
0.377053397290453,143.995642056648,0.003,145.303596315692
0.38103808702591,145.679336425451,0.00305,146.943880157141
0.384933291345874,147.322443679462,0.0031,148.547907794931
0.38872860106553,148.928698147521,0.00315,150.115283459241
0.39242581187429,150.497910669737,0.0032,151.645620423582
0.396025370904344,152.029195025873,0.00325,153.138541100205
0.399526725423041,153.52157079942,0.0033,154.593677133273
0.402928908329706,154.974243444289,0.00335,156.010669489743
0.406236966964361,156.383234170099,0.0034,157.389168547954
0.409439335312641,157.753322267721,0.00345,158.728834183891
0.412539002920926,159.08446312719,0.0035,160.029335855103
0.415537053410493,160.375807152406,0.00355,161.290352682263
0.418433224306654,161.626428187481,0.0036,162.511573528339
0.421226687446662,162.835630767698,0.00365,163.692697075359
0.423921971733449,163.999910568575,0.0037,164.833431898762
0.426508667450431,165.12366349741,0.00375,165.9334965393
0.428989522081839,166.206909124906,0.0038,166.992619572483
0.431365552407808,167.248920296598,0.00385,168.01053967555
0.43363655141491,168.24888267126,0.0039,168.987005691949
0.435801797177632,169.206177080628,0.00395,169.921776693299
0.437860533533492,170.120416749139,0.004,170.814622038845
0.439812169264911,170.991382996877,0.00405,171.665321432357
0.441656293299665,171.818948816332,0.0041,172.473664976489
0.44339819068999,172.599849467408,0.00415,173.239453224566
0.445027200242116,173.339019520912,0.0042,173.962497229798
0.44654686040387,174.036386303998,0.00425,174.642618591895
0.447958467990119,174.691090166651,0.0043,175.279649501089
0.449261881291548,175.302248709416,0.00435,175.873432779533
0.450456422837249,175.869250882746,0.0044,176.42382192009
0.45154143945561,176.391770047785,0.00445,176.930681122474
0.452516508727541,176.869673251187,0.0045,177.393885326762
0.453381433022258,177.302928111994,0.00455,177.813320244248
0.45413615694018,177.691542211753,0.0046,178.188882385641
0.454780687091564,178.035533688835,0.00465,178.520479086602
0.455315041781624,178.334920493008,0.0047,178.808028530609
0.455739229482639,178.589717388284,0.00475,179.051459769137
0.45605324552146,178.79993493684,0.0048,179.250712739172
0.456257077215263,178.965578767816,0.00485,179.405738278025
0.456350711565854,179.086649357548,0.0049,179.516498135463
0.456334142943099,179.163142882632,0.00495,179.582964983149
0.456207379998567,179.195053337706,0.005,179.605122421383
0.455970451675192,179.182375660329,0.00505,179.582964983149
0.455623412241984,179.125109346671,0.0051,179.516498135463
0.455166345216625,179.023262004612,0.00515,179.405738278025
0.454599366046274,178.876852401551,0.0052,179.250712739172
0.453922623511303,178.685912736083,0.00525,179.051459769137
0.45313629995136,178.450490033375,0.0053,178.808028530609
0.452240610533508,178.17064670188,0.00535,178.520479086602
0.451235801855063,177.846460383214,0.0054,178.188882385641
0.450122150191689,177.478023279154,0.00545,177.813320244248
0.448899959675146,177.065441156338,0.0055,177.393885326762
0.44756956062681,176.608832218357,0.00555,176.930681122474
0.446131308201551,176.108326005121,0.0056,176.42382192009
0.444585581422054,175.564062438424,0.00565,175.873432779533
0.442932782619351,174.976191087802,0.0057,175.279649501089
0.441173337242276,174.344870687812,0.00575,174.642618591895
0.43930769396416,173.670268901312,0.0058,173.962497229798
0.437331683980631,172.955205966182,0.00585,173.239453224566
0.435255789683779,172.194950168666,0.0059,172.473664976489
0.433076027835163,171.39025655628,0.00595,171.665321432357
0.430791437167308,170.542437075183,0.006,170.814622038845
0.42840266981267,169.652562873789,0.00605,169.921776693299
0.425910836366981,168.72126549852,0.0061,168.987005691949
0.423316924282211,167.748831496555,0.00615,168.01053967555
0.420621661446091,166.73536718665,0.0062,166.992619572483
0.417825596298556,165.68092841579,0.00625,165.9334965393
0.414925112020569,164.587935196192,0.0063,164.833431898762
0.411929936304198,163.451962242449,0.00635,163.692697075359
0.408836330024201,162.273840622077,0.0064,162.511573528339
0.405643611598045,161.054903226472,0.00645,161.290352682263
0.402352693481191,159.796230071676,0.0065,160.029335855103
0.398964930094181,158.498480166606,0.00655,158.72883418389
0.395476979746,157.16460381316,0.0066,157.389168547954
0.391900112265212,155.789696271329,0.00665,156.010669489743
0.388230205764216,154.374686000485,0.0067,154.593677133273
0.384466462110829,152.921026520535,0.00675,153.138541100205
0.38060982708749,151.429876309998,0.0068,151.645620423582
0.376661741012178,149.901922107121,0.00685,150.115283459241
0.372619696277035,148.339686155733,0.0069,148.54790779493
0.368491731474791,146.740015969944,0.00695,146.943880157141
0.364279784891806,145.101039362981,0.007,145.303596315692
0.359978511420493,143.425828378593,0.00705,143.627460986076
0.355584820597137,141.718536963315,0.0071,141.915887729605
0.351111968480502,139.974238294287,0.00715,140.169298851371
0.346556087965077,138.194073281093,0.0072,138.388125296042
0.341916662286934,136.379576914928,0.00725,136.572806541544
0.337194855607684,134.531914144292,0.0073,134.723790490613
0.33238812807226,132.654114449191,0.00735,132.841533360295
0.327507488457961,130.741762214377,0.0074,130.92649956937
0.322549400998582,128.79586984019,0.00745,128.979161623772
0.317513490652807,126.81786238683,0.0075,127
0.312396702673539,124.811306932401,0.00755,124.98950302657
0.307210584300343,122.771992073551,0.0076,122.948166763526
0.301951828748834,120.701144809374,0.00765,120.876494880046
0.296620307220167,118.60030125785,0.0077,118.774998530168
0.291213312363276,116.47297073742,0.00775,116.644196226671
0.285742082210085,114.315152069189,0.0078,114.48461371314
0.280203541206028,112.128047083474,0.00785,112.296783834245
0.274597650074448,109.913144368646,0.0079,110.081246404272
0.268922141707691,107.673683665197,0.00795,107.83854807393
0.263187337713148,105.40611652068,0.008,105.569242195473
0.257390628073914,103.111594125109,0.00805,103.273888686171
0.251527720946548,100.794049968507,0.0081,100.953053890156
0.245610129579305,98.4495904317314,0.00815,98.6073104386871
0.239634774140498,96.0796957927895,0.0082,96.2372371088599
0.233596858890927,93.6888769035723,0.00825,93.8434186808049
0.227509142148811,91.272869896185,0.0083,91.4264457933996
0.221368263748531,88.8332251135467,0.00835,88.986914798538
0.215174328973092,86.3716906947246,0.0084,86.5254276139896
0.208924880652035,83.8918904262509,0.00845,84.0425915748853
0.202631135092631,81.3899986827811,0.0085,81.5390192838661
0.196290448196105,78.8671131321352,0.00855,79.0153284599332
0.18989853320484,76.3271639582518,0.0086,76.4721417860346
0.183466668945311,73.7664558406604,0.00865,73.9100867554275
0.176764591377793,71.3160379468251,0.0087,71.3297955168538
0.169817967374264,69.0009443964392,0.00875,68.731904718567
0.163305098905695,66.4158689944074,0.0088,66.1170553512484
0.156790475233009,63.6393475765212,0.00885,63.4858925898527
0.150145756023946,60.7932599530534,0.0089,60.8390656344202
0.143408348978678,57.9588138621844,0.00895,58.177227549897
0.136633230704863,55.1759419284259,0.009,55.5010351050002
0.129855099373838,52.451571545081,0.00905,52.8111486101712
0.123098344651659,49.764204614131,0.0091,50.1082317546528
0.116336667391039,47.1007006831873,0.00915,47.3929514427345
0.109553703300644,44.444845302444,0.0092,44.6659776292037
0.102743157477793,41.7782158586357,0.00925,41.9279831540441
0.0958830777788648,39.0964022451691,0.0093,39.1796435764233
0.0889720182175893,36.3943965780511,0.00935,36.4216370080076
0.0820197597305317,33.6653022756359,0.0094,33.6546439456488
0.0750218338054403,30.9128221034672,0.00945,30.8793471034816
0.0679882609485318,28.1385695156945,0.0095,28.0964312444743
0.0609314948382682,25.34317982332,0.00955,25.3065830114732
0.0538556123163438,22.5317510143994,0.0096,22.5104907577846
0.0467655321137599,19.7102590420504,0.00965,19.7088443773333
0.0396693335308349,16.8823309976708,0.0097,16.9023351344416
0.0325675666438201,14.0535484294968,0.00975,14.0916554932706
0.0254723658769542,11.2219617973615,0.0098,11.2774989469646
0.0183836008408313,8.38869737250125,0.00985,8.46055984654211
0.0112921065690905,5.56057223838792,0.0099,5.64153322957579
0.0042123841040862,2.73260150119961,0.00995,2.82111464870107
-0.00286647528151818,-0.0905317039046404,0.01,2.19952838283815e-14
-0.00994446266718541,-2.90727752617977,0.01005,-2.82111464870102
-0.0170105939569538,-5.72358059885035,0.0101,-5.64153322957591
-0.024072711180164,-8.5375066337676,0.01015,-8.46055984654231
-0.0311346214085315,-11.3460029456447,0.0102,-11.2774989469646
-0.0381843788368776,-14.1540604124519,0.01025,-14.0916554932707
-0.0452241732253409,-16.9614140791823,0.0103,-16.9023351344417
-0.0522591121159692,-19.7637302045357,0.01035,-19.7088443773333
-0.0592762849010686,-22.564919159097,0.0104,-22.5104907577847
-0.066280278082683,-25.3618200863361,0.01045,-25.3065830114733
-0.0732729496817193,-28.1502212899311,0.0105,-28.0964312444743
-0.080239779132345,-30.9349007064228,0.01055,-30.8793471034816
-0.0871947936126212,-33.7079446988042,0.0106,-33.6546439456488
-0.0941180623867623,-36.4764856778179,0.01065,-36.4216370080076
-0.101013826690028,-39.2391885806989,0.0107,-39.1796435764234
-0.107891686904308,-41.9884062092288,0.01075,-41.9279831540443
-0.114737283444278,-44.7275360803094,0.0108,-44.6659776292037
-0.1215507238035,-47.4562750296252,0.01085,-47.3929514427346
-0.128335371388561,-50.1714975411946,0.0109,-50.1082317546528
-0.13508802372233,-52.8726105420022,0.01095,-52.8111486101712
-0.141798868810817,-55.5639136243716,0.011,-55.5010351050003
-0.148481992627491,-58.237839654116,0.01105,-58.177227549897
-0.15512283730755,-60.8987090734641,0.0111,-60.8390656344203
-0.161722632691862,-63.5460973945755,0.01115,-63.4858925898527
-0.168288494702088,-66.1746011929271,0.0112,-66.1170553512485
-0.174805315034135,-68.7894864483893,0.01125,-68.7319047185671
-0.181502051865537,-71.2609499070242,0.0113,-71.3297955168539
-0.187972166613665,-73.7811814261193,0.01135,-73.9100867554275
-0.194285518702007,-76.3921395332113,0.0114,-76.4721417860346
-0.200555290861034,-79.0452218735437,0.01145,-79.0153284599333
-0.206803034176177,-81.685531940339,0.0115,-81.5390192838662
-0.212996325863231,-84.2838221774461,0.01155,-84.0425915748854
-0.219113754729072,-86.8263045570836,0.0116,-86.5254276139897
-0.225145153779122,-89.3119964231496,0.01165,-88.986914798538
-0.231098519047078,-91.7429193389629,0.0117,-91.4264457933996
-0.236971019707942,-94.1323732418357,0.01175,-93.8434186808049
-0.242776440135035,-96.4884773605167,0.0118,-96.23723710886
-0.248530898743145,-98.8138724845439,0.01185,-98.6073104386873
-0.254229630752864,-101.117885462654,0.0119,-100.953053890157
-0.259877683045249,-103.403852668881,0.01195,-103.273888686171
-0.265475497377696,-105.672976492778,0.012,-105.569242195473
-0.271027122391322,-107.921238069568,0.01205,-107.83854807393
-0.276516540066399,-110.153040405633,0.0121,-110.081246404272
-0.281942599172915,-112.366881837543,0.01215,-112.296783834245
-0.287308084369608,-114.556504528394,0.0122,-114.48461371314
-0.292598763857598,-116.723443691258,0.01225,-116.644196226671
-0.297813613697668,-118.865079599255,0.0123,-118.774998530168
-0.302950632971362,-120.978455067658,0.01235,-120.876494880046
-0.308013780430773,-123.057451102449,0.0124,-122.948166763526
-0.312990401206232,-125.105264284844,0.01245,-124.98950302657
-0.317882485184613,-127.121101580874,0.0125,-127
-0.322692848961086,-129.102717714426,0.01255,-128.979161623772
-0.327421178219913,-131.049054020089,0.0126,-130.92649956937
-0.332063013798447,-132.962134358929,0.01265,-132.841533360295
-0.336619685903532,-134.84199750978,0.0127,-134.723790490613
-0.341091489822656,-136.688360188377,0.01275,-136.572806541544
-0.345483763005673,-138.497581178504,0.0128,-138.388125296043
-0.349785760869622,-140.274024296436,0.01285,-140.169298851371
-0.353999392543546,-142.017818443805,0.0129,-141.915887729605
-0.358124940273992,-143.728234121492,0.01295,-143.627460986076
-0.362161470089415,-145.404306514659,0.013,-145.303596315692
-0.36611369152844,-147.041608092135,0.01305,-146.943880157141
-0.369969376448935,-148.6444395808,0.0131,-148.547907794931
-0.373730435034442,-150.212535911487,0.01315,-150.115283459241
-0.377397195324665,-151.744826150037,0.0132,-151.645620423582
-0.380968839424124,-153.24012961941,0.01325,-153.138541100205
-0.384449931550748,-154.69415198788,0.0133,-154.593677133273
-0.387829170028724,-156.110957831516,0.01335,-156.010669489743
-0.391108633866487,-157.490418823682,0.0134,-157.389168547954
-0.394288961856358,-158.831702156747,0.01345,-158.728834183891
-0.397369709991175,-160.133891980919,0.0135,-160.029335855103
-0.400349960507189,-161.396270276915,0.01355,-161.290352682263
-0.403234407975386,-162.615142861227,0.0136,-162.511573528339
-0.406012431383164,-163.794867150184,0.01365,-163.692697075359
-0.40868648230672,-164.93554023802,0.0137,-164.833431898762
-0.411257433418243,-166.036477077414,0.01375,-165.9334965393
-0.41372496815222,-167.096853303949,0.0138,-166.992619572483
-0.416088231722945,-168.116001617754,0.01385,-168.01053967555
-0.418346302561698,-169.093467985915,0.0139,-168.987005691949
-0.420498404754927,-170.028960529925,0.01395,-169.921776693299
-0.422549666456316,-170.919017290456,0.014,-170.814622038845
-0.424489392756115,-171.76835231775,0.01405,-171.665321432357
-0.426320578984555,-172.577011766698,0.0141,-172.473664976489
-0.428044330102821,-173.344218750569,0.01415,-173.239453224566
-0.429660428504633,-174.069094956295,0.0142,-173.962497229798
-0.431168109798861,-174.750973790178,0.01425,-174.642618591895
-0.432566588999322,-175.389445616312,0.0143,-175.279649501089
-0.433855279735305,-175.98429031994,0.01435,-175.873432779533
-0.435033811286452,-176.535394994106,0.0144,-176.42382192009
-0.436101962277544,-177.042695715715,0.01445,-176.930681122474
-0.43705958696658,-177.506146939036,0.0145,-177.393885326762
-0.437906564771019,-177.925708928035,0.01455,-177.813320244248
-0.438642775756602,-178.301343385712,0.0146,-178.188882385641
-0.439268094014089,-178.633011527479,0.01465,-178.520479086602
-0.439782390181755,-178.920672614043,0.0147,-178.808028530609
-0.440185537362169,-179.164282965776,0.01475,-179.051459769137
-0.44048304358251,-179.360591292458,0.0148,-179.250712739172
-0.44066412952386,-179.514696384742,0.01485,-179.405738278025
-0.440732664833966,-179.626493595618,0.0149,-179.516498135463
-0.440690168003449,-179.695097770228,0.01495,-179.582964983149
-0.440536697327602,-179.719642164244,0.015,-179.605122421383
-0.440271803142188,-179.699578263534,0.01505,-179.582964983149
-0.439895104540192,-179.634679892555,0.0151,-179.516498135463
-0.439400980534167,-179.528078842456,0.01515,-179.405738278025
-0.438800331419237,-179.37466934378,0.0152,-179.250712739172
-0.43808928539017,-179.174780435025,0.01525,-179.051459769137
-0.437266608330582,-178.929503783527,0.0153,-178.808028530609
-0.43633262253239,-178.639863106027,0.01535,-178.520479086602
-0.435288164191441,-178.306526498236,0.0154,-178.188882385641
-0.434133988990872,-177.92982443001,0.01545,-177.813320244248
-0.432870586105182,-177.509870670482,0.0155,-177.393885326762
-0.43149822083479,-177.046676419688,0.01555,-176.930681122474
-0.430017049609525,-176.540223312956,0.0156,-176.42382192009
-0.428427221828301,-175.990499841121,0.01565,-175.873432779533
-0.426728941673176,-175.397516513443,0.0157,-175.279649501088
-0.424922494115869,-174.761312125094,0.01575,-174.642618591895
-0.42300824861104,-174.081957282337,0.0158,-173.962497229798
-0.420986652185718,-173.359556773116,0.01585,-173.239453224566
-0.418858218883258,-172.594250397284,0.0159,-172.473664976489
-0.416618408329867,-171.789122718659,0.01595,-171.665321432357
-0.414278441626379,-170.939185444485,0.016,-170.814622038845
-0.411834465193905,-170.045090795957,0.01605,-169.921776693299
-0.409285560605795,-169.108167803784,0.0161,-168.987005691949
-0.406632456119759,-168.129577802147,0.01615,-168.01053967555
-0.403876388263654,-167.110063892856,0.0162,-166.992619572483
-0.401018491519828,-166.050012881098,0.01625,-165.9334965393
-0.398059630726991,-164.949607261144,0.0163,-164.833431898762
-0.39499563116668,-163.811707800071,0.01635,-163.692697075359
-0.391837378066228,-162.631355020959,0.0164,-162.511573528339
-0.388580924989597,-161.409207480692,0.01645,-161.290352682263
-0.385225383965569,-160.146567896034,0.0165,-160.029335855103
-0.381771577707752,-158.844554204771,0.01655,-158.72883418389
-0.378220876113176,-157.503872950207,0.0166,-157.389168547954
-0.374569671682622,-156.127696148283,0.01665,-156.010669489743
-0.370829636167507,-154.711003385799,0.0167,-154.593677133273
-0.366996893276067,-153.254546062093,0.01675,-153.138541100205
-0.36307066477616,-151.759703211273,0.0168,-151.645620423582
-0.359051894544891,-150.227647945962,0.01685,-150.115283459241
-0.354936878804928,-148.662083740709,0.0169,-148.54790779493
-0.350738298309246,-147.05786319039,0.01695,-146.943880157141
-0.346452230793524,-145.415868377922,0.017,-145.303596315692
-0.342077971125619,-143.737568111077,0.01705,-143.627460986076
-0.337616566193873,-142.024177760537,0.0171,-141.915887729605
-0.33306483270983,-140.279167844614,0.01715,-140.169298851371
-0.328434726779733,-138.497775143012,0.0172,-138.388125296042
-0.323722684877247,-136.680883553391,0.01725,-136.572806541544
-0.3189281981984,-134.829910214018,0.0173,-134.723790490613
-0.314047248794679,-132.948968483931,0.01735,-132.841533360295
-0.309092774183938,-131.03323188701,0.0174,-130.92649956937
-0.304061171321138,-129.08381386097,0.01745,-128.979161623772
-0.298952076313853,-127.102288565013,0.0175,-127
-0.293761624040286,-125.092852439933,0.01755,-124.98950302657
-0.288502893042327,-123.050689737844,0.0176,-122.948166763526
-0.283172328811609,-120.976916810131,0.01765,-120.876494880046
-0.277769602328675,-118.873103168723,0.0177,-118.774998530168
-0.272291167078322,-116.743278942538,0.01775,-116.644196226671
-0.266749543655763,-114.582923111575,0.0178,-114.48461371314
-0.261141479542097,-112.393137893959,0.01785,-112.296783834245
-0.255466796456176,-110.175447357848,0.0179,-110.081246404272
-0.249722506968574,-107.933571978133,0.01795,-107.83854807393
-0.243920141494044,-105.663498082427,0.018,-105.569242195473
-0.238056947467804,-103.366306128296,0.01805,-103.273888686171
-0.232130059450419,-101.045109125806,0.0181,-100.953053890156
-0.22614497099017,-98.6992786728664,0.01815,-98.6073104386872
-0.220105653050808,-96.327508985943,0.0182,-96.23723710886
-0.214010673590359,-93.9312889910358,0.01825,-93.8434186808048
-0.20785665144097,-91.51452161529,0.0183,-91.4264457933996
-0.201654694706857,-89.0736830395601,0.01835,-88.9869147985379
-0.19540246539983,-86.6100009809346,0.0184,-86.5254276139897
-0.189095689786136,-84.1275804301163,0.01845,-84.0425915748852
-0.182745856083759,-81.622725568057,0.0185,-81.5390192838661
-0.176350423018274,-79.0967607285553,0.01855,-79.0153284599332
-0.169895050715262,-76.5596215414688,0.0186,-76.4721417860346
-0.163392471598517,-74.0086824411115,0.01865,-73.9100867554274
-0.156837063249455,-71.4461534899773,0.0187,-71.3297955168538
-0.150226472963855,-68.8730985174182,0.01875,-68.731904718567
-0.143575805837092,-66.27999611304,0.0188,-66.1170553512485
-0.136881541417793,-63.6644846840684,0.01885,-63.4858925898526
-0.130133233388207,-61.0322375271201,0.0189,-60.8390656344203
-0.123352835528767,-58.3749127984076,0.01895,-58.1772275498968
-0.116532353528196,-55.6969618687398,0.019,-55.5010351050003
-0.109672882935829,-53.0028807419149,0.01905,-52.8111486101711
-0.102789605141929,-50.2896007514523,0.0191,-50.1082317546527
-0.0958769994240427,-47.5626829022968,0.01915,-47.3929514427345
-0.0889368081087554,-44.8263094315778,0.0192,-44.6659776292036
-0.0819857853026669,-42.0750887761112,0.01925,-41.9279831540442
-0.0750116184802252,-39.3160668203793,0.0193,-39.1796435764233
-0.0680189878177906,-36.5508613539206,0.01935,-36.4216370080074
-0.0610157955041331,-33.7770127264377,0.0194,-33.6546439456488
-0.0539991014079035,-30.9961083693708,0.01945,-30.8793471034815
-0.0469668673274626,-28.210706509763,0.0195,-28.0964312444743
-0.0399232847067097,-25.4202506450558,0.01955,-25.3065830114731
-0.0328657864842583,-22.6266793753644,0.0196,-22.5104907577847
-0.0258042968779151,-19.8255036499714,0.01965,-19.7088443773333
-0.0187383882325136,-17.0160629320376,0.0197,-16.9023351344414
-0.0116576412159439,-14.2054385903161,0.01975,-14.0916554932706
-0.00457577053509795,-11.390229728595,0.0198,-11.2774989469646
0.00250811829440067,-8.57134938638675,0.01985,-8.46055984654221
0.00959737156550844,-5.75242313736967,0.0199,-5.64153322957581
0.0166825593829003,-2.93090918916908,0.01995,-2.82111464870093
0.023761891301131,-0.106265926664539,0.02,-4.39905676567631e-14
0.0308415925014813,2.71661850091537,0.02005,2.82111464870116
0.0379160463273145,5.53739169451019,0.0201,5.64153322957573
0.0449787387841898,8.35813945211061,0.02015,8.46055984654229
0.0520358312189853,11.174900962131,0.0202,11.2774989469648
0.0590753248469635,13.9918123769238,0.02025,14.0916554932706
0.0661038862354761,16.8050654783232,0.0203,16.9023351344418
0.0731233021617221,19.6106534620872,0.02035,19.7088443773333
0.0801189423558615,22.4139228941279,0.0204,22.5104907577848
0.0871045891949684,25.2077591920498,0.02045,25.3065830114732
0.0940670194653883,27.9960836773136,0.0205,28.0964312444743
0.101002347607732,30.7813814088229,0.02055,30.8793471034817
0.107922975972702,33.5562039259022,0.0206,33.6546439456488
0.114815938815747,36.323516897209,0.02065,36.4216370080077
0.121680566512619,39.0831615454232,0.0207,39.1796435764234
0.128519822460552,41.8320399912607,0.02075,41.9279831540442
0.13533120809948,44.5689011204566,0.0208,44.6659776292039
0.142104097185823,47.2980178580663,0.02085,47.3929514427345
0.148855050547196,50.0102279433851,0.0209,50.108231754653
0.15556153166454,52.7138449004099,0.02095,52.8111486101712
0.162232748742355,55.4053466898306,0.021,55.5010351050004
0.16887277269989,58.0798283461557,0.02105,58.177227549897
0.175469160345887,60.7409877051334,0.0211,60.8390656344203
0.182020319742762,63.3898877224075,0.02115,63.4858925898528
0.18852713459296,66.0251540236981,0.0212,66.1170553512485
0.194973787749823,68.6534049418571,0.02125,68.7319047185671
0.201362983458499,71.2728047919194,0.0213,71.3297955168538
0.207701151386741,73.8753421524528,0.02135,73.9100867554275
0.213977740541969,76.4600043865531,0.0214,76.4721417860348
0.22019359882233,79.0227066512227,0.02145,79.0153284599332
0.226353474934804,81.5573344020208,0.0215,81.5390192838663
0.232448089017867,84.0662653403567,0.02155,84.0425915748853
0.238480222975584,86.5493036068464,0.0216,86.5254276139897
0.244451741811504,89.0064359012197,0.02165,88.9869147985382
0.250369746685415,91.4345549263293,0.0217,91.4264457933996
0.256224048807867,93.8393432719467,0.02175,93.8434186808051
0.26201811629987,96.2217631041064,0.0218,96.23723710886
0.267758606071365,98.5786454822722,0.02185,98.6073104386873
0.273435322728583,100.914106360855,0.0219,100.953053890156
0.279049601920558,103.227931858505,0.02195,103.273888686171
0.284600789799017,105.519034364685,0.022,105.569242195473
0.290093207752449,107.782540101894,0.02205,107.83854807393
0.295513581715708,110.022357072296,0.0221,110.081246404272
0.300863117378055,112.237626681681,0.02215,112.296783834245
0.306146612263319,114.423732349513,0.0222,114.48461371314
0.311353608920776,116.583239296079,0.02225,116.644196226671
0.316484928739543,118.715157958282,0.0223,118.774998530168
0.321540153949227,120.818079643113,0.02235,120.876494880046
0.326523568113428,122.887608009237,0.0224,122.948166763526
0.331424467984107,124.927188675424,0.02245,124.98950302657
0.33624445263434,126.936517261287,0.0225,127
0.340983841002874,128.914711777579,0.02255,128.979161623772
0.345647273328133,130.85783670364,0.0226,130.92649956937
0.350224620929875,132.769432045435,0.02265,132.841533360295
0.35471744392491,134.649334119184,0.0227,134.723790490613
0.35912596882962,136.496737887538,0.02275,136.572806541544
0.363449425676205,138.310732878365,0.0228,138.388125296042
0.367692708923769,140.087064100718,0.02285,140.169298851371
0.371843788608299,141.830249768138,0.0229,141.915887729605
0.375904975799202,143.54009956679,0.02295,143.627460986076
0.37987680655193,145.215607036224,0.023,145.303596315692
0.38375854864039,146.855658015024,0.02305,146.943880157141
0.387555207138011,148.455775213129,0.0231,148.547907794931
0.391254334344563,150.020627885375,0.02315,150.115283459241
0.394858525480128,151.549985632936,0.0232,151.645620423582
0.39836851156852,153.042826401646,0.02325,153.138541100205
0.401783722235663,154.498065332423,0.0233,154.593677133273
0.405108653240838,155.911677186462,0.02335,156.010669489743
0.40833227688243,157.28782624617,0.0234,157.389168547954
0.411456911671937,158.626385886885,0.02345,158.728834183891
0.414483278011932,159.926525696216,0.0235,160.029335855103
0.417410951353705,161.187343772514,0.02355,161.290352682263
0.420239024665261,162.408138829593,0.0236,162.511573528339
0.422970671459751,163.586104026435,0.02365,163.692697075359
0.425599168412674,164.723647842535,0.0237,164.833431898762
0.428123733089713,165.821961469808,0.02375,165.9334965393
0.430545848722797,166.880438499698,0.0238,166.992619572483
0.432865549625522,167.898203664168,0.02385,168.01053967555
0.435082130310175,168.874515315776,0.0239,168.987005691949
0.437194722417779,169.808870251925,0.02395,169.921776693299
0.439202583263778,170.70096194407,0.024,170.814622038845
0.441105161065874,171.550602278567,0.02405,171.665321432357
0.442907406210022,172.354608211745,0.0241,172.473664976489
0.444599040113147,173.117646131318,0.02415,173.239453224566
0.446183311074815,173.8396386532,0.0242,173.962497229798
0.447661373757668,174.519749285096,0.02425,174.642618591895
0.449033021177662,175.157107944239,0.0243,175.279649501089
0.450297530642924,175.751095192475,0.02435,175.873432779533
0.451454195619466,176.301359397517,0.0244,176.42382192009
0.452502525794152,176.807733426664,0.02445,176.930681122474
0.453442245244688,177.270147364237,0.0245,177.393885326762
0.454273216321759,177.688571140491,0.02455,177.813320244248
0.4549953643238,178.06298646208,0.0246,178.188882385641
0.455608629734591,178.393376452218,0.02465,178.520479086602
0.45611294747178,178.679722724574,0.0247,178.808028530609
0.4565082433909,178.922004389616,0.02475,179.051459769137
0.456794438870482,179.120197335787,0.0248,179.250712739172
0.456971457892017,179.274273971499,0.02485,179.405738278025
0.457039234155168,179.384203956007,0.0249,179.516498135463
0.456997717490346,179.449956111825,0.02495,179.582964983149
0.456846879438309,179.471501289474,0.025,179.605122421383
0.467313044612425,173.338758172289,0.02505,179.582964983149
0.487625157896595,159.708677848185,0.0251,179.516498135463
0.505996281578945,146.223496158822,0.02515,179.405738278025
0.521985443578224,137.910170058102,0.0252,179.250712739172
0.53781570017135,136.390440237274,0.02525,179.051459769137
0.554733364988898,140.806074427712,0.0253,178.808028530609
0.572374298522661,149.096744553597,0.02535,178.520479086602
0.589355949971036,159.02412357982,0.0254,178.188882385641
0.60411196489639,168.7501486086,0.02545,177.813320244248
0.615462344741125,177.05262866208,0.0255,177.393885326762
0.622845120491597,183.31030739236,0.02555,176.930681122474
0.626305723804848,187.370052481924,0.0256,176.42382192009
0.626317691741036,189.401815842799,0.02565,175.873432779533
0.623607277823062,189.751302986267,0.0257,175.279649501088
0.618973043597137,188.834010804931,0.02575,174.642618591895
0.613158439917285,187.063300317583,0.0258,173.962497229798
0.606793863117005,184.797244215555,0.02585,173.239453224566
0.600340632101286,182.327378228591,0.0259,172.473664976488
0.594107171252311,179.866722692835,0.02595,171.665321432357
0.588263813933089,177.553754692484,0.026,170.814622038845
0.582876254860921,175.458919156825,0.02605,169.921776693299
0.577921453646141,173.605147925597,0.0261,168.987005691949
0.5733244953678,171.980394281789,0.02615,168.01053967555
0.568994477615405,170.543992496823,0.0262,166.992619572483
0.564821578595932,169.248089651247,0.02625,165.9334965393
0.560705199818216,168.042177994664,0.0263,164.833431898762
0.556560612700999,166.879014214224,0.02635,163.692697075359
0.552319862773416,165.719829654646,0.0264,162.511573528339
0.547943037872251,164.53054762575,0.02645,161.290352682263
0.543398788175303,163.290423362156,0.0265,160.029335855103
0.538673522606331,161.98757643685,0.02655,158.728834183891
0.533763224909563,160.618891212491,0.0266,157.389168547954
0.528683240885556,159.180595922458,0.02665,156.010669489743
0.523441296209839,157.677278558515,0.0267,154.593677133273
0.518050145618091,156.115730416194,0.02675,153.138541100205
0.512520760612475,154.5048664291,0.0268,151.645620423582
0.506873592722009,152.847462949375,0.02685,150.115283459241
0.501114755895784,151.15009825666,0.0269,148.547907794931
0.495250923022013,149.418295463809,0.02695,146.943880157141
0.489285507110438,147.657157164832,0.027,145.303596315692
0.483228064280972,145.86601831618,0.02705,143.627460986076
0.47707684905145,144.046908689512,0.0271,141.915887729605
0.470828779948867,142.202610414488,0.02715,140.169298851371
0.464491026202872,140.3297603575,0.0272,138.388125296042
0.458059117543037,138.428986210726,0.02725,136.572806541544
0.45152847936513,136.502447691059,0.0273,134.723790490613
0.444906876899353,134.546043992235,0.02735,132.841533360295
0.438190026535707,132.560375754983,0.0274,130.92649956937
0.431374020428784,130.547890533271,0.02745,128.979161623772
0.424467752741506,128.504810622459,0.0275,127
0.417467907665412,126.432192063281,0.02755,124.989503026569
0.410371672415884,124.33284755838,0.0276,122.948166763526
0.403188376154041,122.203598824599,0.02765,120.876494880045
0.395915510715973,120.045829649501,0.0277,118.774998530168
0.388551152873603,117.86237698152,0.02775,116.644196226671
0.381104157979841,115.650617037179,0.0278,114.48461371314
0.373572562003986,113.411995974021,0.02785,112.296783834245
0.365955159335009,111.149040156783,0.0279,110.081246404272
0.358259713436041,108.859645932228,0.02795,107.83854807393
0.350481433095545,106.547051267339,0.028,105.569242195473
0.342629613737508,104.208285943178,0.02805,103.273888686171
0.334701600695894,101.845093883523,0.0281,100.953053890157
0.326695672956767,99.460501949422,0.02815,98.6073104386871
0.318620510886426,97.0521614619561,0.0282,96.2372371088598
0.310471056197841,94.6234042906681,0.02825,93.8434186808049
0.302256758493485,92.1711980477138,0.0283,91.4264457933995
0.293975024503304,89.6972371064959,0.02835,88.986914798538
0.285624173426463,87.2045303932858,0.0284,86.5254276139896
0.277212836114302,84.6908013440047,0.02845,84.0425915748851
0.268736407304317,82.1592202067242,0.0285,81.5390192838661
0.260203878462725,79.6070472052571,0.02855,79.0153284599331
0.251613140245098,77.035904460986,0.0286,76.4721417860346
0.242962930765707,74.4486314569031,0.02865,73.9100867554273
0.234261346459562,71.8432885111568,0.0287,71.3297955168538
0.225504650742749,69.2227802717683,0.02875,68.7319047185669
0.216701065644507,66.5848243462817,0.0288,66.1170553512482
0.207845811314705,63.9328209737883,0.02885,63.4858925898526
0.198947863550735,61.2643606480869,0.0289,60.8390656344203
0.190001936002233,58.5832264999543,0.02895,58.1772275498969
0.181017689503356,55.8868441869014,0.029,55.5010351050003
0.171988959029569,53.1794902559514,0.02905,52.8111486101712
0.16290326952754,50.4713687607466,0.0291,50.1082317546529
0.153768212829711,47.7625775491569,0.02915,47.3929514427345
0.144583133502927,45.0524692637928,0.0292,44.6659776292038
0.135353609965271,42.3351455560246,0.02925,41.9279831540442
0.12608163260667,39.6050323039124,0.0293,39.1796435764232
0.11676700277016,36.8592865394788,0.02935,36.4216370080076
0.107408864058606,34.0985003315267,0.0294,33.6546439456486
0.0980162087154319,31.3206090978892,0.02945,30.8793471034816
0.0885900314293622,28.5282541806691,0.0295,28.0964312444741
0.0791405076936407,25.7211424106448,0.02955,25.3065830114733
0.0696650513675863,22.9055439396168,0.0296,22.5104907577846
0.0601759070913559,20.0813508190442,0.02965,19.7088443773331
0.05067448234621,17.2517592245025,0.0297,16.9023351344416
0.041160472374127,14.4213476792886,0.02975,14.0916554932704
0.0316469804151254,11.586854853385,0.0298,11.2774989469646
0.0221280548983032,8.75237233392578,0.02985,8.46055984654208
0.0126143959099743,5.91480768675749,0.0299,5.64153322957552
0.00309919187064267,3.07859246519237,0.02995,2.82111464870095
-0.00641157889510424,0.243477112483171,0.03,-2.53056936119398e-13
-0.0159180129576164,-2.58906072971294,0.03005,-2.82111464870114
-0.0254129971900383,-5.42138233216926,0.0301,-5.64153322957602
-0.0349039294781797,-8.24887732616414,0.03015,-8.46055984654226
-0.0443774074952188,-11.0762285623769,0.0302,-11.2774989469648
-0.0538429242192535,-13.8982283870995,0.03025,-14.0916554932706
-0.0632906111416958,-16.7171339827642,0.0303,-16.9023351344418
-0.0727241383689226,-19.5299878452474,0.03035,-19.7088443773333
-0.0821346651755803,-22.3392913037773,0.0304,-22.5104907577848
-0.0915289907905859,-25.1404305809138,0.03045,-25.3065830114735
-0.100895037548451,-27.9370444922941,0.0305,-28.0964312444743
-0.110238064633101,-30.7257563713514,0.03055,-30.8793471034818
-0.119549938641256,-33.5083182865848,0.0306,-33.6546439456488
-0.128831027148307,-36.2832167764972,0.03065,-36.4216370080078
-0.138084507833133,-39.0461174171733,0.0307,-39.1796435764234
-0.147299814527976,-41.7995838335129,0.03075,-41.9279831540444
-0.156482700697532,-44.5397217571836,0.0308,-44.665977629204
-0.165620669569511,-47.2710185910958,0.03085,-47.3929514427347
-0.174722181864098,-49.9888602036457,0.0309,-50.1082317546531
-0.184022602598885,-52.5560210647424,0.03095,-52.8111486101713
-0.193077125317114,-55.1842498970667,0.031,-55.5010351050005
-0.201968572047874,-57.91643905986,0.03105,-58.1772275498973
-0.210816011901476,-60.7007705629612,0.0311,-60.8390656344205
-0.219626174998702,-63.4870325077753,0.03115,-63.4858925898531
-0.228377169655279,-66.2382922478487,0.0312,-66.1170553512486
-0.237049417359454,-68.9335550178653,0.03125,-68.731904718567
-0.24562039100436,-71.5737809442522,0.0313,-71.3297955168543
-0.254096549452142,-74.1618655166819,0.03135,-73.9100867554278
-0.262477838765769,-76.7101154781506,0.0314,-76.4721417860347
-0.27078134658722,-79.2247336998947,0.03145,-79.0153284599335
-0.279010119717753,-81.7156287792671,0.0315,-81.5390192838663
-0.287172690286525,-84.187600480022,0.03155,-84.0425915748855
-0.295278459020367,-86.6398871169034,0.0316,-86.5254276139897
-0.303318897696663,-89.0772992942346,0.03165,-88.9869147985382
-0.31129930361964,-91.4971170114635,0.0317,-91.4264457933999
-0.319209933045603,-93.901466742988,0.03175,-93.8434186808051
-0.327048919083241,-96.2889255437283,0.0318,-96.23723710886
-0.334818447566404,-98.6541480630255,0.03185,-98.6073104386873
-0.342505321533499,-100.99914220228,0.0319,-100.953053890157
-0.350112755938214,-103.319687688825,0.03195,-103.273888686172
-0.357631130704798,-105.61716928215,0.032,-105.569242195473
-0.365059388031339,-107.890307737178,0.03205,-107.83854807393
-0.372401032953864,-110.134499990465,0.0321,-110.081246404272
-0.37964542872214,-112.352226749655,0.03215,-112.296783834245
-0.386792646116985,-114.542865508454,0.0322,-114.48461371314
-0.393847701095694,-116.702050599289,0.03225,-116.644196226671
-0.400799680403718,-118.833164149722,0.0323,-118.774998530168
-0.40765389044426,-120.933383385348,0.03235,-120.876494880046
-0.414403468561797,-123.004742171727,0.0324,-122.948166763525
-0.421048490499656,-125.046842133739,0.03245,-124.98950302657
-0.42759249780654,-127.056298357927,0.0325,-127
-0.434027389802633,-129.035170072759,0.03255,-128.979161623772
-0.440352859164843,-130.983193341381,0.0326,-130.92649956937
-0.446572219836874,-132.897232301907,0.03265,-132.841533360295
-0.452677811335668,-134.779275234457,0.0327,-134.723790490614
-0.458669293328423,-136.629114630905,0.03275,-136.572806541544
-0.464545753323911,-138.446084217171,0.0328,-138.388125296043
-0.470311421985045,-140.226162245716,0.03285,-140.169298851371
-0.475955838144209,-141.972664948848,0.0329,-141.915887729605
-0.48147978222692,-143.685428944385,0.03295,-143.627460986076
-0.486887534185492,-145.361031620367,0.033,-145.303596315692
-0.492170836216452,-147.001808230738,0.03305,-146.943880157141
-0.497329868637696,-148.6074749773,0.0331,-148.547907794931
-0.502363976840499,-150.177291871534,0.03315,-150.115283459241
-0.507276950980486,-151.707559957802,0.0332,-151.645620423582
-0.512059534870662,-153.201136660736,0.03325,-153.138541100205
-0.516712342352552,-154.657920669719,0.0333,-154.593677133273
-0.521235075748997,-156.077296790111,0.03335,-156.010669489743
-0.525631439985084,-157.455856686433,0.0334,-157.389168547954
-0.529892967072602,-158.796250413857,0.03345,-158.728834183891
-0.534020251009022,-160.098409572408,0.0335,-160.029335855103
-0.538013055101647,-161.361785450172,0.03355,-161.290352682263
-0.541870551941102,-162.585687700032,0.0336,-162.511573528339
-0.545596551443978,-163.766684746392,0.03365,-163.692697075359
-0.549181998894973,-164.907970354901,0.0337,-164.833431898762
-0.552628093514542,-166.009581202207,0.03375,-165.9334965393
-0.555934961190601,-167.071009242431,0.0338,-166.992619572483
-0.559101998334015,-168.091591150448,0.03385,-168.010539675551
-0.562128272362024,-169.070723614421,0.0339,-168.987005691949
-0.565017844856207,-170.005071810875,0.03395,-169.9217766933
-0.567761377483954,-170.898290290734,0.034,-170.814622038845
-0.570360707717747,-171.750466996487,0.03405,-171.665321432357
-0.572816317933039,-172.561102588635,0.0341,-172.473664976489
-0.575127826009712,-173.329551635733,0.03415,-173.239453224566
-0.577294478018445,-174.055251900607,0.0342,-173.962497229798
-0.579315476633219,-174.737798796696,0.03425,-174.642618591895
-0.581190137279918,-175.376934919195,0.0343,-175.279649501089
-0.582922633071092,-175.969825860015,0.03435,-175.873432779533
-0.584504330463908,-176.520282898667,0.0344,-176.42382192009
-0.585937612150488,-177.028418576877,0.03445,-176.930681122474
-0.587223289724058,-177.49375719026,0.0345,-177.393885326762
-0.588361231487475,-177.915703208465,0.03455,-177.813320244248
-0.589350925286972,-178.293769431645,0.0346,-178.188882385641
-0.590191831783187,-178.627640758229,0.03465,-178.520479086602
-0.59088354231563,-178.917153457245,0.0347,-178.808028530609
-0.591425118754003,-179.162640074247,0.03475,-179.051459769137
-0.591818526614041,-179.36302553153,0.0348,-179.250712739172
-0.592061762194888,-179.519057073796,0.03485,-179.405738278025
-0.592155242078441,-179.630832382022,0.0349,-179.516498135463
-0.592099206528303,-179.698357322435,0.03495,-179.582964983149
-0.591893776001491,-179.721604635096,0.035,-179.605122421383
-0.576345473406469,-188.355275581677,0.03505,-179.582964983149
-0.548510279341791,-206.383145630389,0.0351,-179.516498135463
-0.523971898387956,-223.287545436318,0.03515,-179.405738278025
-0.503274729846893,-232.325079048368,0.0352,-179.250712739172
-0.483188456047145,-231.701957417908,0.03525,-179.051459769137
-0.461952479454887,-223.05499757828,0.0353,-178.808028530609
-0.440187049981958,-209.486796512358,0.03535,-178.520479086602
-0.419875464512714,-194.150323551939,0.0354,-178.188882385641
-0.403083635954509,-179.544169685594,0.03545,-177.813320244248
-0.391180400834735,-167.299957829254,0.0355,-177.393885326762
-0.384535382994223,-158.273042540948,0.03555,-176.930681122474
-0.382698560680637,-152.680585071,0.0356,-176.42382192009
-0.384653376032105,-150.283834957755,0.03565,-175.873432779533
-0.389129359240449,-150.539585370025,0.0357,-175.279649501089
-0.394841817427022,-152.736244208056,0.03575,-174.642618591895
-0.400657846732173,-156.109935005122,0.0358,-173.962497229798
-0.405698672870756,-159.93539726274,0.03585,-173.239453224566
-0.409358849944141,-163.606134200848,0.0359,-172.473664976489
-0.411329335939946,-166.665908146368,0.03595,-171.665321432357
-0.411551898237583,-168.827583429106,0.036,-170.814622038845
-0.410166216978752,-169.967188242945,0.03605,-169.921776693299
-0.407448035587194,-170.100608504952,0.0361,-168.987005691949
-0.403746656987316,-169.349445162407,0.03615,-168.01053967555
-0.399428577529768,-167.902532917601,0.0362,-166.992619572483
-0.394826768441035,-165.981702851344,0.03625,-165.9334965393
-0.39023134779233,-163.797903590639,0.0363,-164.833431898762
-0.385837438430507,-161.542517177998,0.03635,-163.692697075359
-0.381761557204705,-159.365821398168,0.0364,-162.511573528339
-0.378045721626641,-157.368859578347,0.03645,-161.290352682263
-0.374664371718403,-155.606069792414,0.0365,-160.029335855103
-0.371561107171779,-154.080394559722,0.03655,-158.728834183891
-0.368636665878974,-152.766324067674,0.0366,-157.389168547954
-0.365784688802712,-151.615792786879,0.03665,-156.010669489743
-0.362904767758394,-150.568449982248,0.0367,-154.593677133273
-0.359911892080952,-149.561307537992,0.03675,-153.138541100205
-0.356736818445548,-148.53974188132,0.0368,-151.645620423582
-0.353350875790582,-147.451105985413,0.03685,-150.115283459241
-0.349731715765046,-146.262649672275,0.0369,-148.54790779493
-0.345879940660126,-144.95672535465,0.03695,-146.943880157141
-0.341812987428717,-143.528727551899,0.037,-145.303596315692
-0.337558558890116,-141.984432916936,0.03705,-143.627460986076
-0.333144015268005,-140.33970305778,0.0371,-141.915887729605
-0.328611565211041,-138.606876964539,0.03715,-140.169298851371
-0.323984608317467,-136.805497862702,0.0372,-138.388125296042
-0.319283905393029,-134.954741476836,0.03725,-136.572806541543
-0.31451985869036,-133.07381005206,0.0373,-134.723790490613
-0.309713279071374,-131.169018314184,0.03735,-132.841533360294
-0.30486210478275,-129.248502800962,0.0374,-130.92649956937
-0.299962697420092,-127.316861904489,0.03745,-128.979161623772
-0.295004339133826,-125.378060162875,0.0375,-127
-0.289992232225934,-123.424101861081,0.03755,-124.98950302657
-0.284913900004099,-121.451528137948,0.0376,-122.948166763525
-0.279760903379312,-119.456656051344,0.03765,-120.876494880045
-0.274522642099647,-117.43860877593,0.0377,-118.774998530167
-0.269207942432388,-115.387865170183,0.03775,-116.644196226671
-0.263810570902322,-113.302006085328,0.0378,-114.48461371314
-0.25832943154532,-111.180292788623,0.03785,-112.296783834245
-0.252761627976994,-109.025736453622,0.0379,-110.081246404272
-0.247121847620363,-106.833649467548,0.03795,-107.838548073929
-0.241409353992665,-104.605883882095,0.038,-105.569242195473
-0.235626733789815,-102.34528856057,0.03805,-103.273888686171
-0.229773559828033,-100.057256130642,0.0381,-100.953053890156
-0.223863781554883,-97.7393725358288,0.03815,-98.6073104386869
-0.217896386879687,-95.3942037448283,0.0382,-96.2372371088599
-0.211867573373453,-93.0272683465203,0.03825,-93.8434186808047
-0.205790155080983,-90.6353263972671,0.0383,-91.4264457933995
-0.199661234526488,-88.2202924847611,0.03835,-88.9869147985378
-0.193475371353045,-85.7870883495539,0.0384,-86.5254276139896
-0.187245081842622,-83.3313572519088,0.03845,-84.0425915748851
-0.180966669894733,-80.854261491785,0.0385,-81.5390192838658
-0.174412341508241,-78.4866266862697,0.03855,-79.0153284599331
-0.167979688826488,-76.0412855606346,0.0386,-76.4721417860346
-0.161586687606569,-73.4834826010987,0.03865,-73.9100867554273
-0.155120435622795,-70.8611472775555,0.0387,-71.3297955168535
-0.148565585237591,-68.2203932671375,0.03875,-68.7319047185666
-0.141955435717744,-65.5810862571193,0.0388,-66.1170553512485
-0.135307710826996,-62.9515382977568,0.03885,-63.4858925898526
-0.128633913795525,-60.3286809916037,0.0389,-60.83906563442
-0.121936481267429,-57.7045894174695,0.03895,-58.1772275498972
-0.115211698899973,-55.0714573342007,0.039,-55.5010351049998
-0.108447931751154,-52.4274328795143,0.03905,-52.8111486101712
-0.101649849565082,-49.7659379462417,0.0391,-50.1082317546526
-0.0948170772065815,-47.0838977698151,0.03915,-47.3929514427342
-0.0879412301488038,-44.3861476989151,0.0392,-44.6659776292038
-0.0810346257756649,-41.6701546013719,0.03925,-41.9279831540439
-0.0741002026283972,-38.9366696136847,0.0393,-39.1796435764232
-0.0671351449786428,-36.1910926016311,0.03935,-36.4216370080073
-0.0601573626872991,-33.4288088861311,0.0394,-33.6546439456484
-0.0531578363647931,-30.6567867786708,0.03945,-30.8793471034817
-0.0461410111605787,-27.8782416811922,0.0395,-28.0964312444738
-0.0391174640095038,-25.0911070899815,0.03955,-25.306583011473
-0.0320799917938857,-22.3006521942686,0.0396,-22.5104907577846
-0.0250397411005494,-19.5038534271391,0.03965,-19.7088443773331
-0.0179958487957919,-16.701370007121,0.0397,-16.9023351344416
-0.0109407359459475,-13.8989473567195,0.03975,-14.0916554932701
-0.00388621178403881,-11.0931463991682,0.0398,-11.2774989469646
0.00316880731183744,-8.28421914261876,0.03985,-8.4605598465421
0.0102307173980769,-5.4766791959758,0.0399,-5.64153322957554
0.01728899720991,-2.66712978638749,0.03995,-2.82111464870097
0.0243436406742958,0.144791017794498,0.04,5.5010443989556e-13
0.0313993094083749,2.9555493043812,0.04005,2.82111464870112
0.0384483354453167,5.76682457925506,0.0401,5.641533229576
0.0454900428346363,8.57815343880563,0.04015,8.46055984654256
0.0525284945093247,11.385572473978,0.0402,11.2774989469644
0.0595495037171272,14.1941859381771,0.04025,14.0916554932709
0.0665642569831615,16.9978774644899,0.0403,16.9023351344418
0.0735656381551077,19.7968872513014,0.04035,19.7088443773336
0.080547613770559,22.5931228211482,0.0404,22.5104907577851
0.0875192407944283,25.3807679777711,0.04045,25.3065830114732
0.094464765671276,28.1653641919138,0.0405,28.0964312444746
0.101386047311507,30.9464600933149,0.04055,30.8793471034818
0.108294536534693,33.7157086279224,0.0406,33.6546439456491
0.115173240037191,36.477874193454,0.04065,36.4216370080078
0.122025326937495,39.2314445998367,0.0407,39.1796435764234
0.128851749946193,41.9742335944242,0.04075,41.9279831540447
0.135650034044162,44.7055008373177,0.0408,44.665977629204
0.142410751778034,47.4291948933674,0.04085,47.3929514427346
0.149149913099884,50.136382343567,0.0409,50.1082317546531
0.155845600768028,52.8350666460316,0.04095,52.8111486101713
0.16250835152843,55.5208207723009,0.041,55.5010351050008
0.16913655998002,58.191686179961,0.04105,58.177227549897
0.175722567431447,60.8497019747327,0.0411,60.8390656344204
0.182265257228303,63.4948950850762,0.04115,63.4858925898531
0.188763196039933,66.1265829971073,0.0412,66.1170553512486
0.19520095816118,68.7513817717016,0.04125,68.7319047185676
0.201581487884463,71.3673768646764,0.0413,71.3297955168539
0.207911323628819,73.9664836159387,0.04135,73.9100867554277
0.214179836852028,76.5477266601035,0.0414,76.472141786035
0.220387910920665,79.1070489802722,0.04145,79.0153284599332
0.226540358289658,81.6383496746459,0.0415,81.5390192838662
0.232627835440603,84.1440806043509,0.04155,84.0425915748855
0.238653165034767,86.6240703346865,0.0416,86.52542761399
0.244618220150174,89.0783141737526,0.04165,88.9869147985384
0.250530124678718,91.5036821856309,0.0417,91.4264457933996
0.256378585125695,93.9058873144526,0.04175,93.8434186808051
0.262167070329166,96.2858772124089,0.0418,96.2372371088603
0.267902253566047,98.6404404070784,0.04185,98.6073104386875
0.273573837982036,100.973706645447,0.0419,100.953053890157
0.279183163150951,103.285440493347,0.04195,103.273888686171
0.284729565182175,105.574532325786,0.042,105.569242195473
0.290217385182409,107.836072184562,0.04205,107.83854807393
0.295633268301204,110.073991450788,0.0421,110.081246404272
0.300978443421469,112.287423791482,0.04215,112.296783834245
0.306257748803597,114.47172641074,0.0422,114.48461371314
0.311460663209365,116.629491739642,0.04225,116.644196226671
0.316588034585831,118.759727089753,0.0423,118.774998530168
0.321639454218086,120.861019316434,0.04235,120.876494880046
0.32661923446615,122.928953149097,0.0424,122.948166763526
0.331516608387314,124.967003613947,0.04245,124.98950302657
0.336333196409198,126.97486531576,0.0425,127
0.341069322600642,128.951651624584,0.04255,128.979161623772
0.345729649635031,130.893407514642,0.0426,130.92649956937
0.350303986705098,132.80369670254,0.04265,132.841533360295
0.35479390972478,134.68235131721,0.0427,134.723790490613
0.359199647025314,136.528559199422,0.04275,136.572806541544
0.36352042311567,138.341403655025,0.0428,138.388125296043
0.367761148687368,140.116612001179,0.04285,140.169298851371
0.371909738738584,141.85872366339,0.0429,141.915887729606
0.375968520418745,143.567544769327,0.04295,143.627460986076
0.379938033760457,145.242062847117,0.043,145.303596315692
0.383817543834084,146.881158771467,0.04305,146.943880157142
0.38761207176708,148.480340507871,0.0431,148.54790779493
0.391309123091233,150.044296881067,0.04315,150.115283459242
0.394911308451963,151.572795318841,0.0432,151.645620423582
0.39841936330831,153.064809369235,0.04325,153.138541100205
0.401832715519284,154.519250536318,0.0433,154.593677133273
0.405155874981599,155.932081294556,0.04335,156.010669489743
0.408377773468487,157.307483159497,0.0434,157.389168547954
0.41150074269126,158.645327694224,0.04345,158.728834183891
0.414525506590028,159.944780601539,0.0435,160.029335855103
0.41745163872832,161.204936656554,0.04355,161.290352682263
0.42027822847621,162.425092536404,0.0436,162.511573528339
0.423009371149568,163.601913425487,0.04365,163.692697075359
0.425635318799127,164.739375148574,0.0437,164.833431898762
0.428158393576734,165.837470245892,0.04375,165.9334965393
0.430579387399689,166.895491334342,0.0438,166.992619572483
0.432897983680494,167.912634465588,0.04385,168.01053967555
0.435113389670914,168.888265040296,0.0439,168.987005691949
0.43722477570023,169.821959276312,0.04395,169.921776693299
0.439231462484951,170.713449939775,0.044,170.814622038845
0.441132939852487,171.562558265622,0.04405,171.665321432357
0.442934181122666,172.366088457914,0.0441,172.473664976489
0.444624875925651,173.128706218259,0.04415,173.239453224566
0.446208265072077,173.850320907105,0.0442,173.962497229798
0.44768548894363,174.530083038576,0.04425,174.642618591895
0.44905632650298,175.167111921512,0.0443,175.279649501089
0.450320044760335,175.760780288225,0.04435,175.873432779533
0.451475931437344,176.310731203451,0.0444,176.42382192009
0.452523494369316,176.81679438227,0.04445,176.930681122474
0.453462458526516,177.27889855237,0.0445,177.393885326762
0.454292688773691,177.697013735119,0.04455,177.813320244248
0.455014113633396,178.071122803367,0.0446,178.188882385641
0.455626676844844,178.401210724164,0.04465,178.520479086602
0.45613031613825,178.687261240859,0.0447,178.808028530609
0.456524959439207,178.929255533867,0.04475,179.051459769137
0.456810529306424,179.127171235934,0.0448,179.250712739172
0.456986949995091,179.280982005046,0.04485,179.405738278025
0.457054154661193,179.390658183487,0.0449,179.516498135463
0.457012091936932,179.456168723,0.04495,179.582964983149
0.456860731714308,179.47748412559,0.045,179.605122421383
0.456600070037055,179.454579899686,0.04505,179.582964983149
0.456230132948278,179.387439991831,0.0451,179.516498135463
0.455750979150665,179.276059757831,0.04515,179.405738278025
0.4551627014323,179.120448201094,0.0452,179.250712739172
0.454465426943649,178.920629370941,0.04525,179.051459769137
0.453659316531017,178.676642948225,0.0453,178.808028530609
0.452744563404856,178.388544138983,0.04535,178.520479086602
0.451721391443378,178.056403049882,0.0454,178.188882385641
0.450590053408305,177.680303737881,0.04545,177.813320244248
0.449350829295213,177.260343118106,0.0455,177.393885326762
0.448004024973642,176.796629886294,0.04555,176.930681122474
0.446549971199467,176.289283574084,0.0456,176.42382192009
0.444989023019268,175.738433812005,0.04565,175.873432779533
0.443321559534738,175.144219833511,0.0457,175.279649501088
0.44154798396076,174.506790217435,0.04575,174.642618591895
0.439668723890193,173.826302839198,0.0458,173.962497229798
0.437677584573663,173.106711384313,0.04585,173.239453224566
0.435590712739575,172.340371557625,0.0459,172.473664976488
0.433399145232471,171.529763188883,0.04595,171.665321432357
0.431102654948191,170.676473810452,0.046,170.814622038845
0.42870237135196,169.781585634446,0.04605,169.921776693299
0.426199580195053,168.845635303083,0.0461,168.987005691949
0.423595252951365,167.868805929684,0.04615,168.01053967555
0.420890029717974,166.851129665812,0.0462,166.992619572483
0.418084372770124,165.792620160465,0.04625,165.9334965393
0.415174511477247,164.695732296542,0.0463,164.833431898762
0.412170349562942,163.55593216815,0.04635,163.692697075359
0.40906804951242,162.374057603116,0.0464,162.511573528339
0.405866900041246,161.151462012085,0.04645,161.290352682263
0.402567818296276,159.889242745398,0.0465,160.029335855103
0.399172171471953,158.588068446595,0.04655,158.72883418389
0.395676551668323,157.250934849069,0.0466,157.389168547954
0.392092384944263,155.872859841784,0.04665,156.010669489743
0.388415473208198,154.454777498396,0.0467,154.593677133273
0.384644984334614,152.998154664027,0.04675,153.138541100205
0.380781853029248,151.504158861386,0.0468,151.645620423582
0.376827515050486,149.973478538942,0.04685,150.115283459241
0.372779400776707,148.408663501586,0.0469,148.54790779493
0.368647537490126,146.805424669611,0.04695,146.943880157141
0.364428370141319,145.164667486313,0.047,145.303596315692
0.360121387600884,143.487740157857,0.04705,143.627460986076
0.355727658112826,141.77571565816,0.0471,141.915887729605
0.351245086771648,140.031307514462,0.04715,140.16929885137
0.346683528236603,138.250672712087,0.0472,138.388125296042
0.342039922576461,136.43480728291,0.04725,136.572806541544
0.337314043002998,134.585054937711,0.0473,134.723790490613
0.33250291310064,132.704845145441,0.04735,132.841533360295
0.327617734003979,130.790040810836,0.0474,130.92649956937
0.322655184440535,128.841838970405,0.04745,128.979161623772
0.317615063982878,126.861741028019,0.0475,127
0.312494365222086,124.853339129158,0.04755,124.98950302657
0.307304689978039,122.812368471869,0.0476,122.948166763525
0.302042651697334,120.740025649959,0.04765,120.876494880045
0.296708047319996,118.637818471723,0.0477,118.774998530167
0.291298087698145,116.509241710718,0.04775,116.644196226671
0.285824017686565,114.350242896836,0.0478,114.48461371314
0.280282710570681,112.162001953361,0.04785,112.296783834245
0.274674102255943,109.945992377636,0.0479,110.081246404272
0.268995899545487,107.70545370088,0.04795,107.83854807393
0.263258465838994,105.436811079894,0.048,105.569242195473
0.2574591798667,103.141215246428,0.04805,103.273888686171
0.251593737209603,100.822613960347,0.0481,100.953053890156
0.245673694773451,98.4771042213014,0.04815,98.6073104386869
0.239695968073065,96.1061756372822,0.0482,96.2372371088596
0.233655751876618,93.7143567472812,0.04825,93.843418680805
0.227565838369799,91.2973778387847,0.0483,91.4264457933995
0.221422857753687,88.8567962107331,0.04835,88.9869147985378
0.215226911093133,86.3943656306631,0.0484,86.5254276139893
0.208975528477801,83.9137181371661,0.04845,84.0425915748848
0.202679944010669,81.4110170854821,0.0485,81.5390192838661
0.196337498051886,78.8873591164882,0.04855,79.0153284599331
0.18994388603452,76.3466778826095,0.0486,76.4721417860343
0.183510398225415,73.7852670534182,0.04865,73.9100867554271
0.176813470676457,71.330349741451,0.0487,71.3297955168536
0.169877721453975,69.0064367139599,0.04875,68.7319047185669
0.163361577772843,66.4202131490223,0.0488,66.1170553512482
0.156842307562087,63.6479559099323,0.04885,63.4858925898523
0.150195465625387,60.8078796665577,0.0489,60.83906563442
0.143457246528833,57.9787935173697,0.04895,58.1772275498966
0.136681609491134,55.1990698578512,0.049,55.5010351050001
0.12990138227762,52.4757788475103,0.04905,52.8111486101709
0.123141210567297,49.7876697727168,0.0491,50.1082317546527
0.116375290911002,47.1220952951478,0.04915,47.3929514427342
0.109587474085206,44.4636189417248,0.0492,44.6659776292032
0.102772387264444,41.794180739264,0.04925,41.9279831540439
0.0959084959373548,39.109674901968,0.0493,39.1796435764232
0.0889944849962099,36.4053421272207,0.04935,36.4216370080073
0.0820401558732975,33.6744291863167,0.0494,33.6546439456484
0.0750410440815052,30.9206375137184,0.04945,30.8793471034811
0.0680069443771565,28.1455778184424,0.0495,28.0964312444742
0.0609500872301929,25.3498389251377,0.04955,25.306583011473
0.0538743856584105,22.5384099529425,0.0496,22.5104907577843
0.0467846320335354,19.7171197002503,0.04965,19.7088443773328
0.0396887505618579,16.8894769587954,0.0497,16.902335134441
0.0325870957196841,14.0610209382854,0.04975,14.0916554932705
0.0254917999620652,11.2297202820953,0.0498,11.2774989469643
0.0184027812396472,8.39661138230998,0.04985,8.4605598465418
0.0113107871132136,5.56852645473584,0.0499,5.64153322957588
0.00423038487832628,2.74047394437204,0.04995,2.82111464870068
-0.00284926285871023,-0.0828635431412398,0.05,-2.09066368462635e-13
-0.00992810344106587,-2.89991357207782,0.05005,-2.82111464870141
-0.0169951316940491,-5.7165751838089,0.0501,-5.64153322957598
-0.0240580851009824,-8.53091212084832,0.05015,-8.46055984654222
-0.0311207706416532,-11.3398345864162,0.0502,-11.277498946965
-0.038171231443485,-14.148299396909,0.05025,-14.0916554932709
-0.0452116461427128,-16.9560181926349,0.0503,-16.9023351344418
-0.0522471182662532,-19.7586459766122,0.05035,-19.7088443773336
-0.0592647618092368,-22.5600808975744,0.0504,-22.5104907577847
-0.0662691366634487,-25.3571868869051,0.05045,-25.3065830114734
-0.0732621376223701,-28.1457580975503,0.0505,-28.0964312444743
-0.0802292852361433,-30.930568380579,0.05055,-30.8793471034818
-0.0871846106966228,-33.703714745263,0.0506,-33.6546439456491
-0.0941081573878879,-36.4723612869231,0.05065,-36.4216370080078
-0.101004216474074,-39.2351658858735,0.0507,-39.1796435764233
-0.107882365198043,-41.9844966488461,0.05075,-41.9279831540443
-0.114728299596861,-44.723724653925,0.0508,-44.6659776292039
-0.121542044358174,-47.452583319181,0.05085,-47.3929514427349
-0.128327006347291,-50.1679334668352,0.0509,-50.1082317546528
-0.135079984952984,-52.8691727620603,0.05095,-52.8111486101713
-0.141791141479199,-55.5606074947813,0.051,-55.5010351050005
-0.148474551963998,-58.2346749436689,0.05105,-58.1772275498973
-0.155115705921618,-60.8956667276936,0.0511,-60.8390656344207
-0.161715766722465,-63.5431831607983,0.05115,-63.4858925898527
-0.168281904287049,-66.1717979785444,0.0512,-66.1170553512486
-0.174798967562895,-68.7867942609089,0.05125,-68.7319047185673
-0.181494402049982,-71.2592372861959,0.0513,-71.3297955168542
-0.187964443322739,-73.7799909410559,0.05135,-73.910086755428
-0.194276637750222,-76.3917562115762,0.0514,-76.4721417860347
-0.200548621185337,-79.0435750996799,0.05145,-79.0153284599335
-0.206796870105463,-81.6827163487088,0.0515,-81.5390192838665
-0.212990066387071,-84.2803403868226,0.05155,-84.0425915748858
-0.219107482980779,-86.8226666444181,0.0516,-86.5254276139902
-0.225139180069115,-89.3085583027067,0.05165,-88.9869147985381
-0.231093099935105,-91.7398688111983,0.0517,-91.4264457933999
-0.236966264178291,-94.129771401874,0.05175,-93.8434186808053
-0.242772318930781,-96.4863090480818,0.0518,-96.2372371088605
-0.248527297446801,-98.8120828751438,0.05185,-98.6073104386878
-0.254226405461131,-101.116400331852,0.0519,-100.953053890157
-0.259874693953773,-103.402591986814,0.05195,-103.273888686172
-0.265472628586737,-105.671862732462,0.052,-105.569242195474
-0.271024288781827,-107.920202702612,0.05205,-107.83854807393
-0.276513689732487,-110.152027350417,0.0521,-110.081246404272
-0.281939708134491,-112.365850858394,0.05215,-112.296783834245
-0.287305150923446,-114.555432445187,0.0522,-114.48461371314
-0.292595804840705,-116.722322048367,0.05225,-116.644196226671
-0.297810656293118,-118.863912637823,0.0523,-118.774998530168
-0.302947709090606,-120.977256226212,0.05235,-120.876494880046
-0.30801092096649,-123.056239635619,0.0524,-122.948166763526
-0.312987634550197,-125.10406043357,0.05245,-124.98950302657
-0.317879832444904,-127.119924409647,0.0525,-127
-0.322688328051399,-129.102719554269,0.05255,-128.979161623772
-0.327419301373398,-131.048010384845,0.0526,-130.92649956937
-0.332061623966441,-132.960381781357,0.05265,-132.841533360295
-0.336618084823781,-134.840090980557,0.0527,-134.723790490613
-0.341089725165801,-136.686700834093,0.05275,-136.572806541544
-0.345482068526625,-138.496336663735,0.0528,-138.388125296043
-0.349784287572598,-140.273186387644,0.05285,-140.169298851371
-0.353998152563648,-142.017290826484,0.0529,-141.915887729605
-0.358123853242052,-143.727898634596,0.05295,-143.627460986076
-0.362160427718059,-145.40405848605,0.053,-145.303596315692
-0.366112602421829,-147.041369057132,0.05305,-146.943880157142
-0.369968186344497,-148.644157375195,0.0531,-148.54790779493
-0.373729126523553,-150.21218126475,0.05315,-150.115283459241
-0.377395779596998,-151.744388212016,0.0532,-151.645620423582
-0.380967345637444,-153.239611713176,0.05325,-153.138541100205
-0.384448396765979,-154.693567917982,0.0533,-154.593677133273
-0.387827633408655,-156.110327280642,0.05335,-156.010669489743
-0.391107130256145,-157.489764245463,0.0534,-157.389168547954
-0.394287518899031,-158.831045700856,0.05345,-158.728834183891
-0.397368346748394,-160.133253031396,0.0535,-160.029335855103
-0.400348687272718,-161.395663803997,0.05355,-161.290352682263
-0.403233226572098,-162.614578900886,0.0536,-162.511573528339
-0.406011338005225,-163.794350080789,0.05365,-163.692697075359
-0.408685468021567,-164.935069881701,0.0537,-164.833431898762
-0.411256486375862,-166.036049762101,0.05375,-165.9334965393
-0.413724075560282,-167.09646303407,0.0538,-166.992619572483
-0.416087381416688,-168.11564122373,0.05385,-168.01053967555
-0.418345484106606,-169.093130142302,0.0539,-168.987005691949
-0.420497610087754,-170.028638562002,0.05395,-169.9217766933
-0.422548889809612,-170.918705897471,0.054,-170.814622038845
-0.42448863145027,-171.768047397735,0.05405,-171.665321432357
-0.426319832214681,-172.576710783713,0.0541,-172.473664976489
-0.42804359858382,-173.343920640583,0.05415,-173.239453224566
-0.429659713989214,-174.068799857806,0.0542,-173.962497229798
-0.431167414553872,-174.750682691243,0.05425,-174.642618591895
-0.432565915324982,-175.389159989385,0.0543,-175.279649501089
-0.433854629587941,-175.98401179272,0.05435,-175.873432779533
-0.435033186032388,-176.535125084856,0.0544,-176.42382192009
-0.436101362578292,-177.042435646528,0.05445,-176.930681122474
-0.437059012777326,-177.50589752854,0.0545,-177.393885326763
-0.437906015425192,-177.925470556267,0.05455,-177.813320244248
-0.438642250104646,-178.301116018425,0.0546,-178.188882385641
-0.439267590588077,-178.632794782958,0.05465,-178.520479086602
-0.439781907360519,-178.920465854969,0.0547,-178.808028530609
-0.440185073517846,-179.16408539996,0.05475,-179.051459769137
-0.440482597012235,-179.360402173645,0.0548,-179.250712739172
-0.440663699085682,-179.514514807218,0.05485,-179.405738278025
-0.440732249459835,-179.62631874988,0.0549,-179.516498135463
-0.440689766806848,-179.694929004555,0.05495,-179.582964983149
-0.440536309641089,-179.719478995619,0.055,-179.605122421383
-0.440271428498271,-179.69942036104,0.05505,-179.582964983149
-0.439894742620822,-179.634527048836,0.0551,-179.516498135463
-0.439400631255488,-179.527930859748,0.05515,-179.405738278025
-0.43879999444345,-179.374526225821,0.0552,-179.250712739172
-0.438088960497289,-179.174642206033,0.05525,-179.051459769137
-0.437266295313229,-178.929370445302,0.0553,-178.808028530609
-0.436332321137527,-178.639734623449,0.05535,-178.520479086602
-0.435287874102507,-178.306402798047,0.0554,-178.188882385641
-0.434133709834825,-177.929705404295,0.05545,-177.813320244248
-0.432870317469792,-177.509756181794,0.0555,-177.393885326762
-0.431497962287573,-177.046566306957,0.05555,-176.930681122474
-0.430016800714483,-176.540117398445,0.0556,-176.42382192009
-0.428426982158882,-175.99039793807,0.05565,-175.873432779533
-0.42672871082177,-175.397418433505,0.0557,-175.279649501088
-0.424922271700602,-174.761217684833,0.05575,-174.642618591895
-0.423008034278595,-174.081866308543,0.0558,-173.962497229798
-0.420986445611966,-173.359469106209,0.05585,-173.239453224566
-0.418858019771783,-172.594165892895,0.0559,-172.473664976488
-0.416618216483819,-171.789041204822,0.05595,-171.665321432357
-0.414278256716067,-170.939106837946,0.056,-170.814622038845
-0.411834286969999,-170.045015019654,0.05605,-169.921776693299
-0.409285388853831,-169.108094774759,0.0561,-168.987005691949
-0.406632290633084,-168.129507431541,0.05615,-168.01053967555
-0.40387622883383,-167.109996089526,0.0562,-166.992619572483
-0.401018337936335,-166.049947554732,0.05625,-165.9334965393
-0.398059482780319,-164.94954432388,0.0563,-164.833431898762
-0.394995488704296,-163.811647136528,0.05635,-163.692697075359
-0.391837240832913,-162.631296571184,0.0564,-162.511573528338
-0.3885807927822,-161.409151182873,0.05645,-161.290352682263
-0.385225256603832,-160.146513679727,0.0565,-160.029335855103
-0.381771455017862,-158.844501992722,0.05655,-158.72883418389
-0.378220757922833,-157.503822662736,0.0566,-157.389168547954
-0.374569557862394,-156.12764768411,0.05665,-156.010669489743
-0.370829526510555,-154.71095668764,0.0567,-154.593677133272
-0.366996787617815,-153.254501074018,0.05675,-153.138541100205
-0.363070562972503,-151.759659873696,0.0568,-151.645620423582
-0.359051796459369,-150.227606196645,0.05685,-150.115283459241
-0.354936784335933,-148.662043499365,0.0569,-148.54790779493
-0.350742246695852,-147.055523438254,0.05695,-146.943880157141
-0.346452605260225,-145.414896572631,0.057,-145.303596315692
-0.342077589440159,-143.737925835799,0.05705,-143.627460986076
-0.337616548238472,-142.025273363631,0.0571,-141.915887729605
-0.333065238096303,-140.280418806064,0.05715,-140.16929885137
-0.328435230672824,-138.498816431862,0.0572,-138.388125296042
-0.323722985945942,-136.681567468032,0.05725,-136.572806541543
-0.318928160798627,-134.830231591102,0.0573,-134.723790490613
-0.314046889417845,-132.948990610876,0.05735,-132.841533360294
-0.309092194239476,-131.033038563736,0.0574,-130.92649956937
-0.304060494306334,-129.083486218512,0.05745,-128.979161623772
-0.29895140959308,-127.10189657451,0.0575,-127
-0.293761043480366,-125.092452612919,0.05755,-124.989503026569
-0.288502441111682,-123.05032499896,0.0576,-122.948166763525
-0.283172020287012,-120.976616262525,0.05765,-120.876494880045
-0.277769431208959,-118.872882505088,0.0577,-118.774998530167
-0.272291113376312,-116.743141687453,0.05775,-116.644196226671
-0.266749579202951,-114.582862887316,0.0578,-114.48461371314
-0.261141573218389,-112.393141192731,0.05785,-112.296783834245
-0.25546691821112,-110.175496631944,0.0579,-110.081246404272
-0.249722630801962,-107.933648568892,0.05795,-107.83854807393
-0.24392024746011,-105.663584582319,0.058,-105.569242195473
-0.238057022457561,-103.366388112885,0.05805,-103.273888686171
-0.232128008455042,-101.046365883386,0.0581,-100.953053890156
-0.226145548350566,-98.6993425338084,0.05815,-98.6073104386869
-0.220106568157242,-96.3267390421994,0.0582,-96.2372371088602
-0.214011204757291,-93.9302775499392,0.05825,-93.843418680805
-0.20785687378088,-91.5136990920761,0.0583,-91.4264457933995
-0.201654880343483,-89.0732337489552,0.05835,-88.9869147985378
-0.195402794067814,-86.6099253487009,0.0584,-86.5254276139893
-0.189096190767184,-84.1277867794592,0.05845,-84.0425915748854
-0.182746457480789,-81.6230989092115,0.0585,-81.5390192838662
-0.176351020002258,-79.0971990782301,0.05855,-79.0153284599331
-0.169895554501625,-76.5600478253345,0.0586,-76.4721417860343
-0.163392827687787,-74.0090460478533,0.05865,-73.9100867554271
-0.156837254948819,-71.446425581367,0.0587,-71.3297955168539
-0.150226508803584,-68.8732698360668,0.05875,-68.7319047185669
-0.143575714599148,-66.2800704461538,0.0588,-66.1170553512482
-0.136881360480732,-63.6644753248436,0.05885,-63.4858925898524
-0.130133001050186,-61.0321638938573,0.0589,-60.8390656344197
-0.123352587084284,-58.3747965933938,0.05895,-58.1772275498969
-0.116533515679922,-55.6960279715929,0.059,-55.5010351050001
-0.109674143508364,-53.0016746298461,0.05905,-52.8111486101709
-0.102790605134768,-50.2886741174286,0.0591,-50.1082317546524
-0.0958778986062221,-47.5622941339791,0.05915,-47.3929514427339
-0.0889377814769396,-44.8264606780051,0.0592,-44.6659776292036
-0.081986870460522,-42.0756354324893,0.05925,-41.9279831540439
-0.0750127306158248,-39.3168217118228,0.0593,-39.1796435764229
-0.0680199902816696,-36.5516609030415,0.05935,-36.4216370080071
-0.0610165704631846,-33.7777403243143,0.0594,-33.6546439456487
-0.0539995898993375,-30.9966911057599,0.05945,-30.8793471034814
-0.0469670663474417,-28.2111088541582,0.0595,-28.0964312444739
-0.0399232286587967,-25.4204688660853,0.05955,-25.3065830114727
-0.0328655355367324,-22.6267314104381,0.0596,-22.510490757784
-0.0258039212862933,-19.8254211050288,0.05965,-19.7088443773332
-0.0187379544066637,-17.0158854070792,0.0597,-16.9023351344414
-0.011657208362795,-14.2052058046227,0.05975,-14.0916554932702
-0.00457538252264555,-11.3899783917991,0.0598,-11.277498946964
0.00250843260617728,-8.57110949318296,0.05985,-8.4605598465415
0.00959760035181034,-5.75221758330731,0.0599,-5.64153322957558
0.0166827015303816,-2.93075129827462,0.05995,-2.8211146487007
0.0237619555212802,-0.106160403517719,0.06,5.06113872238797e-13
