0,0,0,0
0.00686066338159721,-1.08693786858261,5e-05,2.82111464870106
0.0125241463049207,-2.63257524621589,0.0001,5.6415332295758
0.0179269136554152,-3.32056805598215,0.00015,8.46055984654222
0.0235106949922278,-2.32103111225413,0.0002,11.2774989469646
0.0294845069595373,0.577848893807381,0.00025,14.0916554932706
0.0359174324040485,5.01741047089803,0.0003,16.9023351344416
0.0428226353717326,10.2406854158716,0.00035,19.7088443773333
0.0501621449157179,15.3713454489874,0.0004,22.5104907577847
0.0578186857715085,19.7136749148805,0.00045,25.3065830114732
0.0656643080593723,22.9242543881006,0.0005,28.0964312444742
0.0735521378202746,25.0804979537053,0.00055,30.8793471034816
0.0813488576210893,26.6010906546149,0.0006,33.6546439456488
0.0889863190158586,28.0531314571242,0.00065,36.4216370080076
0.0964333210373505,29.9626183503256,0.0007,39.1796435764233
0.103720716751531,32.6382043355778,0.00075,41.9279831540442
0.110926589353129,36.0893831032554,0.0008,44.6659776292037
0.118101567625664,40.0798230694939,0.00085,47.3929514427345
0.12530433894379,44.2125288249169,0.0009,50.1082317546528
0.132558643434181,48.0826487713261,0.00095,52.8111486101713
0.139835724006648,51.4187403094142,0.001,55.5010351050003
0.147101521040969,54.1403365585332,0.00105,58.177227549897
0.154306380336461,56.3683202289432,0.0011,60.8390656344203
0.161398468627091,58.3668571145471,0.00115,63.4858925898527
0.168366391912512,60.4282909630085,0.0012,66.1170553512485
0.175201299700479,62.79134696552,0.00125,68.731904718567
0.181932737636147,65.5566327588213,0.0013,71.3297955168538
0.188603242700323,68.6716617753329,0.00135,73.9100867554275
0.195234741215157,71.9764412328935,0.0014,76.4721417860346
0.20185492979504,75.2541796421146,0.00145,79.0153284599333
0.208466470171545,78.3149696193094,0.0015,81.5390192838662
0.215047285033261,81.0572687582314,0.00155,84.0425915748853
0.221571513998534,83.4853255800556,0.0016,86.5254276139897
0.228018398381051,85.6928057813528,0.00165,88.986914798538
0.234362564224708,87.8295755791617,0.0017,91.4264457933996
0.240594573446913,90.0424772854339,0.00175,93.8434186808049
0.24673544580458,92.4186026539089,0.0018,96.23723710886
0.252786434922809,94.9831302057833,0.00185,98.6073104386872
0.258769884140076,97.6832290249967,0.0019,100.953053890156
0.264699581700102,100.420042201812,0.00195,103.273888686171
0.270587335497719,103.081682406349,0.002,105.569242195473
0.276421162819799,105.589977730621,0.00205,107.83854807393
0.28218889471008,107.915206165977,0.0021,110.081246404272
0.287884967413474,110.075451784347,0.00215,112.296783834245
0.293488946799293,112.135763418406,0.0022,114.48461371314
0.298991685563241,114.175243559601,0.00225,116.644196226671
0.304394435902763,116.258611254644,0.0023,118.774998530168
0.309714308367477,118.411772323893,0.00235,120.876494880046
0.314945415931149,120.634355098437,0.0024,122.948166763526
0.320094243154529,122.891521629704,0.00245,124.98950302657
0.325175604716273,125.124916929417,0.0025,127
0.330182581587239,127.285763584002,0.00255,128.979161623772
0.335113281477476,129.341160980643,0.0026,130.92649956937
0.339959864675123,131.285958645964,0.00265,132.841533360295
0.344717385969986,133.13846439643,0.0027,134.723790490613
0.349383639003246,134.931480699395,0.00275,136.572806541544
0.353947555289864,136.706746061303,0.0028,138.388125296042
0.35841391379665,138.491272799474,0.00285,140.169298851371
0.36278094613424,140.297506370993,0.0029,141.915887729605
0.367061878531104,142.111547819027,0.00295,143.627460986076
0.371248252930975,143.914869867215,0.003,145.303596315692
0.375346580951405,145.677776033929,0.00305,146.943880157141
0.379354948126302,147.376410062416,0.0031,148.547907794931
0.383274016485995,148.996003455104,0.00315,150.115283459241
0.387103003518305,150.53533778333,0.0032,151.645620423582
0.390829339097273,152.012048078179,0.00325,153.138541100205
0.394451547701671,153.447043794637,0.0033,154.593677133273
0.397968460857729,154.859754937718,0.00335,156.010669489743
0.401382194606803,156.260809403238,0.0034,157.389168547954
0.404704529232202,157.644917524933,0.00345,158.728834183891
0.407922518095198,159.009856293502,0.0035,160.029335855103
0.411038445584499,160.343740141068,0.00355,161.290352682263
0.414055559292269,161.631422167916,0.0036,162.511573528339
0.416971335462851,162.862616890715,0.00365,163.692697075359
0.419785953379964,164.031743974294,0.0037,164.833431898762
0.422498133544405,165.140263611313,0.00375,165.9334965393
0.425110197903958,166.193148965677,0.0038,166.992619572483
0.427611367811974,167.205130954819,0.00385,168.01053967555
0.430003652041293,168.185778508292,0.0039,168.987005691949
0.432286039361799,169.141139470762,0.00395,169.921776693299
0.434461630824259,170.06947424253,0.004,170.814622038845
0.436532725625618,170.963722132245,0.00405,171.665321432357
0.438497346495161,171.816382364405,0.0041,172.473664976489
0.440356496678383,172.619238691122,0.00415,173.239453224566
0.442115484005502,173.363819162668,0.0042,173.962497229798
0.443763655018167,174.053701868298,0.00425,174.642618591895
0.445301644525113,174.692949419683,0.0043,175.279649501089
0.446727328422796,175.28833576213,0.00435,175.873432779533
0.448041704865247,175.844826183986,0.0044,176.42382192009
0.449245631355218,176.364938953752,0.00445,176.930681122474
0.450339833564747,176.848325870385,0.0045,177.393885326762
0.451324812926465,177.292274478052,0.00455,177.813320244248
0.452200754460144,177.692872353399,0.0046,178.188882385641
0.452967500916067,178.046390595945,0.00465,178.520479086602
0.453624614342594,178.350427378642,0.0047,178.808028530609
0.454171508240606,178.604483986344,0.00475,179.051459769137
0.454607610171138,178.809864155221,0.0048,179.250712739172
0.454932507616967,178.969013796396,0.00485,179.405738278025
0.455146037911142,179.084580609247,0.0049,179.516498135463
0.455248302593191,179.15852785752,0.00495,179.582964983149
0.455239610917708,179.191578781033,0.005,179.605122421383
0.455120377997332,179.183129401192,0.00505,179.582964983149
0.454887276263278,179.133730588981,0.0051,179.516498135463
0.454548210155899,179.037758313545,0.00515,179.405738278025
0.454101185888298,178.893317163011,0.0052,179.250712739172
0.453542053510859,178.701957035993,0.00525,179.051459769137
0.452873420612171,178.463625804863,0.0053,178.808028530609
0.452095091266116,178.179641755464,0.00535,178.520479086602
0.451207148963185,177.851569081996,0.0054,178.188882385641
0.450207047621419,177.48232086429,0.00545,177.813320244248
0.449098126818882,177.071390972693,0.0055,177.393885326762
0.447881279086197,176.617819906229,0.00555,176.930681122474
0.446554792115116,176.121643644152,0.0056,176.42382192009
0.445120796661222,175.581174361804,0.00565,175.873432779533
0.443580347612631,174.99499568854,0.0057,175.279649501089
0.441930927412031,174.364256646717,0.00575,174.642618591895
0.440175353984486,173.688452719064,0.0058,173.962497229798
0.438310162970225,172.970306177553,0.00585,173.239453224566
0.436337638373409,172.210330666145,0.0059,172.473664976489
0.434266640779292,171.404221412339,0.00595,171.665321432357
0.432090244987279,170.554864660615,0.006,170.814622038845
0.429810904925226,169.662739523739,0.00605,169.921776693299
0.42742518269516,168.731057660021,0.0061,168.987005691949
0.424936756504572,167.759538676326,0.00615,168.01053967555
0.422343570422356,166.749435179239,0.0062,166.992619572483
0.419649591387369,165.698669036399,0.00625,165.9334965393
0.416843841920269,164.612427376157,0.0063,164.833431898762
0.413949470910502,163.478907682216,0.00635,163.692697075359
0.410957258057074,162.299024346774,0.0064,162.511573528339
0.407866863371076,161.074290936554,0.00645,161.290352682263
0.404677248923157,159.808287378112,0.0065,160.029335855103
0.401387814970242,158.505123137587,0.00655,158.72883418389
0.398000941283605,157.16666188776,0.0066,157.389168547954
0.394511150209979,155.797322392834,0.00665,156.010669489743
0.390930181154275,154.391445883718,0.0067,154.593677133273
0.38725938500491,152.945031323222,0.00675,153.138541100205
0.383497691659244,151.456464784253,0.0068,151.645620423582
0.379644479950557,149.926157169125,0.00685,150.115283459241
0.375691999570158,148.360444804594,0.0069,148.54790779493
0.371653572623146,146.755958700762,0.00695,146.943880157141
0.367523794029623,145.116089876075,0.007,145.303596315692
0.363309759326718,143.439089435988,0.00705,143.627460986076
0.359010429839053,141.726042014652,0.0071,141.915887729605
0.354616718234162,139.983579685731,0.00715,140.169298851371
0.350142313484348,138.207075246896,0.0072,138.388125296042
0.345585582300778,136.39599372024,0.00725,136.572806541544
0.340941378209024,134.553150383331,0.0073,134.723790490613
0.336221706996454,132.673249715371,0.00735,132.841533360295
0.331415261861089,130.761689969259,0.0074,130.92649956937
0.326533141529097,128.815204239371,0.00745,128.979161623772
0.32157494698879,126.834283664452,0.0075,127
0.316533090683265,124.824935346556,0.00755,124.98950302657
0.311415437218791,122.78640871503,0.0076,122.948166763526
0.30622971953111,120.715022338264,0.00765,120.876494880046
0.300970353077503,118.613327865097,0.0077,118.774998530168
0.29563997261782,116.481875138566,0.00775,116.644196226671
0.290227191655127,114.328802190297,0.0078,114.48461371314
0.284753695351228,112.145513088578,0.00785,112.296783834245
0.279216136456299,109.931126436154,0.0079,110.081246404272
0.273604221923783,107.691780977782,0.00795,107.83854807393
0.267933502758204,105.422265596195,0.008,105.569242195473
0.262195080472281,103.127312499165,0.00805,103.273888686171
0.256396958691475,100.805505722746,0.0081,100.953053890156
0.25053404352402,98.4608798212809,0.00815,98.6073104386871
0.244613090260692,96.0923332789433,0.0082,96.2372371088599
0.238634819627002,93.7001483922985,0.00825,93.8434186808049
0.232595000368569,91.2877394610607,0.0083,91.4264457933996
0.226505588314261,88.8503970626104,0.00835,88.986914798538
0.220363529336225,86.3890670088371,0.0084,86.5254276139896
0.21416606942654,83.9069180997349,0.00845,84.0425915748853
0.207916906617172,81.4046992922636,0.0085,81.5390192838661
0.201620584594249,78.8815884581525,0.00855,79.0153284599332
0.19527774154524,76.3381812263848,0.0086,76.4721417860346
0.188880565233866,73.7805020524007,0.00865,73.9100867554275
0.182447580493708,71.2013529743065,0.0087,71.3297955168538
0.175970044821117,68.6041175524073,0.00875,68.731904718567
0.169445931828058,65.9923378852713,0.0088,66.1170553512484
0.162886587287936,63.3623321954524,0.00885,63.4858925898527
0.15629285930348,60.7135456664291,0.0089,60.8390656344202
0.149650264250393,58.0555349367998,0.00895,58.177227549897
0.142983593423434,55.379208149124,0.009,55.5010351050002
0.136281997817825,52.6887654748244,0.00905,52.8111486101712
0.129544393785263,49.9875949829221,0.0091,50.1082317546528
0.122776964919709,47.2750412749784,0.00915,47.3929514427345
0.115986243604549,44.5482913437471,0.0092,44.6659776292037
0.109160596938811,41.8140717210294,0.00925,41.9279831540441
0.102314564339515,39.0677895708737,0.0093,39.1796435764233
0.0954481574737471,36.3090627283901,0.00935,36.4216370080076
0.0885529680872459,33.5439238267373,0.0094,33.6546439456488
0.0816422950284164,30.7687075856663,0.00945,30.8793471034816
0.0747142099482652,27.984779795284,0.0095,28.0964312444743
0.0677613176243241,25.1983308965007,0.00955,25.3065830114732
0.0608030653809308,22.4019694068635,0.0096,22.5104907577846
0.0538294681340261,19.5999597929009,0.00965,19.7088443773333
0.0468376427104822,16.7968454902534,0.0097,16.9023351344416
0.0398413742021617,13.9879524599741,0.00975,14.0916554932706
0.0328324727946772,11.1773646551914,0.0098,11.2774989469646
0.0258217214785361,8.3614156281455,0.00985,8.46055984654211
0.0188063018135693,5.54179740142249,0.0099,5.64153322957579
0.0117808577136884,2.72381936785859,0.00995,2.82111464870107
0.0047610015035886,-0.0977549776008751,0.01,2.19952838283815e-14
-0.00225757946384775,-2.9208560481799,0.01005,-2.82111464870102
-0.00928023188915716,-5.74009813394451,0.0101,-5.64153322957591
-0.0162956837504531,-8.55820412006732,0.01015,-8.46055984654231
-0.0233063343771676,-11.3734776128276,0.0102,-11.2774989469646
-0.030310521939132,-14.1852119212971,0.01025,-14.0916554932707
-0.0373050404594846,-16.9937900925936,0.0103,-16.9023351344417
-0.0442872594960395,-19.7996564851752,0.01035,-19.7088443773333
-0.0512604225656315,-22.5997242276466,0.0104,-22.5104907577847
-0.0582194145215453,-25.3942437938977,0.01045,-25.3065830114733
-0.065158381468656,-28.1851598495609,0.0105,-28.0964312444743
-0.0720864662976108,-30.9664600780693,0.01055,-30.8793471034816
-0.0789903733838013,-33.7419743018892,0.0106,-33.6546439456488
-0.0858745814170145,-36.5090133099824,0.01065,-36.4216370080076
-0.0927374839686124,-39.2661552574448,0.0107,-39.1796435764234
-0.0995748405118562,-42.0138091407004,0.01075,-41.9279831540443
-0.106384102691662,-44.752274318944,0.0108,-44.6659776292037
-0.113171113598796,-47.4769674276374,0.01085,-47.3929514427346
-0.119924580552917,-50.1913229235562,0.0109,-50.1082317546528
-0.126643950617459,-52.8956628017171,0.01095,-52.8111486101712
-0.133341708282949,-55.5816307005599,0.011,-55.5010351050003
-0.139998342246701,-58.2559045101305,0.01105,-58.177227549897
-0.146616169598669,-60.9184886173287,0.0111,-60.8390656344203
-0.153200538192766,-63.5652111317394,0.01115,-63.4858925898527
-0.159747064710112,-66.1953167872475,0.0112,-66.1170553512485
-0.166247908417335,-68.8114443725114,0.01125,-68.7319047185671
-0.17271150114781,-71.4084028885883,0.0113,-71.3297955168539
-0.179125685296543,-73.9898870081203,0.01135,-73.9100867554275
-0.185496393341087,-76.5524146191927,0.0114,-76.4721417860346
-0.191824023951612,-79.09318246394,0.01145,-79.0153284599333
-0.198098087336801,-81.6159227194041,0.0115,-81.5390192838662
-0.204318784417763,-84.1209416684038,0.01155,-84.0425915748854
-0.210492956582325,-86.6032510634785,0.0116,-86.5254276139897
-0.216616158758562,-89.0620337716963,0.01165,-88.986914798538
-0.222677070252664,-91.5022567103602,0.0117,-91.4264457933996
-0.228688070594358,-93.9176916994967,0.01175,-93.8434186808049
-0.234634419377822,-96.3133100660534,0.0118,-96.23723710886
-0.240521353911238,-98.6864213791414,0.01185,-98.6073104386873
-0.246354050156002,-101.03155698042,0.0119,-100.953053890157
-0.252121933000729,-103.351216650528,0.01195,-103.273888686171
-0.257821812791511,-105.647190414075,0.012,-105.569242195473
-0.263455913925259,-107.918093625007,0.01205,-107.83854807393
-0.269028418991001,-110.159782266608,0.0121,-110.081246404272
-0.274530003518685,-112.374772014419,0.01215,-112.296783834245
-0.279959806734322,-114.563478513609,0.0122,-114.48461371314
-0.285322526958177,-116.722428082253,0.01225,-116.644196226671
-0.290619010869893,-118.848719195773,0.0123,-118.774998530168
-0.295833291283907,-120.949608413095,0.01235,-120.876494880046
-0.300971810725686,-123.023447440779,0.0124,-122.948166763526
-0.3060368371449,-125.067185023006,0.01245,-124.98950302657
-0.311023443123279,-127.080697318578,0.0125,-127
-0.315931312940783,-129.062500211802,0.01255,-128.979161623772
-0.320757811442883,-131.012290341558,0.0126,-130.92649956937
-0.32550750673178,-132.926267248588,0.01265,-132.841533360295
-0.330172989263373,-134.806565580941,0.0127,-134.723790490613
-0.334751736441545,-136.655021182918,0.01275,-136.572806541544
-0.339245437970959,-138.470953996509,0.0128,-138.388125296043
-0.343651737766166,-140.25455373811,0.01285,-140.169298851371
-0.347978830989677,-141.999911885132,0.0129,-141.915887729605
-0.352213595098048,-143.711270705295,0.01295,-143.627460986076
-0.356358013948839,-145.388293221128,0.013,-145.303596315692
-0.360410274141973,-147.031263308237,0.01305,-146.943880157141
-0.364381080344884,-148.633054648626,0.0131,-148.547907794931
-0.368253630719991,-150.199763200402,0.01315,-150.115283459241
-0.372031185019559,-151.731225048242,0.0132,-151.645620423582
-0.375711482500126,-153.22818150201,0.01325,-153.138541100205
-0.37929770945496,-154.687830564533,0.0133,-154.593677133273
-0.382785913153842,-156.109941070283,0.01335,-156.010669489743
-0.386184978156059,-157.488009320551,0.0134,-157.389168547954
-0.389483285448659,-158.825649100318,0.01345,-158.728834183891
-0.392680335467968,-160.12449594125,0.0135,-160.029335855103
-0.395777822069604,-161.384479599636,0.01355,-161.290352682263
-0.398772760937923,-162.607007521623,0.0136,-162.511573528339
-0.401666839977846,-163.790854774794,0.01365,-163.692697075359
-0.404466308481162,-164.93093342844,0.0137,-164.833431898762
-0.407159101171871,-166.03137131062,0.01375,-165.9334965393
-0.409747175120625,-167.092086950904,0.0138,-166.992619572483
-0.412230777508647,-168.112546582487,0.01385,-168.01053967555
-0.414608489044749,-169.092576680115,0.0139,-168.987005691949
-0.416881246681097,-170.030684553413,0.01395,-169.921776693299
-0.419049488176174,-170.925267117165,0.014,-170.814622038845
-0.421109932256325,-171.777075679093,0.01405,-171.665321432357
-0.423069678475898,-172.582129934743,0.0141,-172.473664976489
-0.424918756739441,-173.344868095279,0.01415,-173.239453224566
-0.42665920056449,-174.066123276467,0.0142,-173.962497229798
-0.428288249526084,-174.747995198864,0.01425,-174.642618591895
-0.429807638731045,-175.389682920526,0.0143,-175.279649501089
-0.431218091707144,-175.98934177213,0.01435,-175.873432779533
-0.432519645521051,-176.544926074776,0.0144,-176.42382192009
-0.433711910568512,-177.054900682579,0.01445,-176.930681122474
-0.434794286491954,-177.518648597124,0.0145,-177.393885326762
-0.435767642911557,-177.935650897387,0.01455,-177.813320244248
-0.436628369031503,-178.308417142429,0.0146,-178.188882385641
-0.437377099540075,-178.638217040438,0.01465,-178.520479086602
-0.438014185560043,-178.92571622528,0.0147,-178.808028530609
-0.438539824170867,-179.17088537215,0.01475,-179.051459769137
-0.438954112448215,-179.373109896737,0.0148,-179.250712739172
-0.439257063939841,-179.531457107181,0.01485,-179.405738278025
-0.439448617953637,-179.645005576129,0.0149,-179.516498135463
-0.439526766423228,-179.714206868167,0.01495,-179.582964983149
-0.439494177868966,-179.73760118968,0.015,-179.605122421383
-0.439350312193525,-179.715090697752,0.01505,-179.582964983149
-0.439094837503561,-179.647171756649,0.0151,-179.516498135463
-0.438727613327025,-179.534664721714,0.01515,-179.405738278025
-0.438248671757684,-179.378392520635,0.0152,-179.250712739172
-0.437658188193709,-179.178910965202,0.01525,-179.051459769137
-0.436954008064284,-178.93775275597,0.0153,-178.808028530609
-0.436139451536434,-178.653373705828,0.01535,-178.520479086602
-0.4352148383851,-178.324616167251,0.0154,-178.188882385641
-0.434180364564426,-177.950602692681,0.01545,-177.813320244248
-0.433033535874507,-177.532504930982,0.0155,-177.393885326762
-0.431777293355736,-177.06944882547,0.01555,-176.930681122474
-0.430409363333702,-176.562937551763,0.0156,-176.42382192009
-0.428934170738934,-176.011492959102,0.01565,-175.873432779533
-0.427351453749637,-175.415285244745,0.0157,-175.279649501088
-0.425660797725406,-174.775254861907,0.01575,-174.642618591895
-0.423859155667017,-174.09427835988,0.0158,-173.962497229798
-0.421949886617512,-173.372062125048,0.01585,-173.239453224566
-0.419932386747675,-172.608988526502,0.0159,-172.473664976489
-0.417802165784792,-171.807534927968,0.01595,-171.665321432357
-0.415571851132654,-170.960944430162,0.016,-170.814622038845
-0.413236010313817,-170.06951525488,0.01605,-169.921776693299
-0.410797443137312,-169.132052667563,0.0161,-168.987005691949
-0.408250384027198,-168.152728780275,0.01615,-168.01053967555
-0.405604235430907,-167.129241754992,0.0162,-166.992619572483
-0.402853817422326,-166.065196912281,0.01625,-165.9334965393
-0.400001553425483,-164.961684864519,0.0163,-164.833431898762
-0.39704496029416,-163.821409832083,0.01635,-163.692697075359
-0.393983525974178,-162.645848050168,0.0164,-162.511573528339
-0.390824170280119,-161.43112769795,0.01645,-161.290352682263
-0.387569302525449,-160.173691310569,0.0165,-160.029335855103
-0.384211927728252,-158.876002359873,0.01655,-158.72883418389
-0.380761852968483,-157.534058505243,0.0166,-157.389168547954
-0.377216281434734,-156.149431185353,0.01665,-156.010669489743
-0.373568525757278,-154.728390312642,0.0167,-154.593677133273
-0.36982992703097,-153.268700832835,0.01675,-153.138541100205
-0.365996508393401,-151.773148806006,0.0168,-151.645620423582
-0.362071593447922,-150.241539444404,0.01685,-150.115283459241
-0.358049649170901,-148.677480307423,0.0169,-148.54790779493
-0.353935773450623,-147.07944287029,0.01695,-146.943880157141
-0.349738787542293,-145.441576161119,0.017,-145.303596315692
-0.345453648011151,-143.764584512945,0.01705,-143.627460986076
-0.341082215579036,-142.048626673533,0.0171,-141.915887729605
-0.336620536997621,-140.297932905163,0.01715,-140.169298851371
-0.332065749504977,-138.517633671572,0.0172,-138.388125296042
-0.327435529871998,-136.700759587241,0.01725,-136.572806541544
-0.32272322210796,-134.849162705536,0.0173,-134.723790490613
-0.317930678773052,-132.96317029798,0.01735,-132.841533360295
-0.313048276425697,-131.049760682517,0.0174,-130.92649956937
-0.30808772819077,-129.10578964872,0.01745,-128.979161623772
-0.303056646771758,-127.126147742704,0.0175,-127
-0.297948429363295,-125.113070868059,0.01755,-124.98950302657
-0.292760548042722,-123.07006943549,0.0176,-122.948166763526
-0.287498708633763,-120.996881141118,0.01765,-120.876494880046
-0.282162374159554,-118.895088140557,0.0177,-118.774998530168
-0.276760165411631,-116.761338093014,0.01775,-116.644196226671
-0.271281426947112,-114.601588459894,0.0178,-114.48461371314
-0.265739456368316,-112.411549043401,0.01785,-112.296783834245
-0.260127481031567,-110.194748851146,0.0179,-110.081246404272
-0.254448125599964,-107.952043350916,0.01795,-107.83854807393
-0.248703398320089,-105.683755469891,0.018,-105.569242195473
-0.242898391161383,-103.387953081427,0.01805,-103.273888686171
-0.237037055424231,-101.06262092501,0.0181,-100.953053890156
-0.231099513166697,-98.7198297301017,0.01815,-98.6073104386872
-0.22511530617173,-96.3485472521385,0.0182,-96.23723710886
-0.219073378480608,-93.9521706597832,0.01825,-93.8434186808048
-0.212970134086863,-91.5349956955202,0.0183,-91.4264457933996
-0.206816275880314,-89.0941041576337,0.01835,-88.9869147985379
-0.200613503220993,-86.6287789519539,0.0184,-86.5254276139897
-0.194360590562084,-84.1408154202211,0.01845,-84.0425915748852
-0.188049972059058,-81.6370061655052,0.0185,-81.5390192838661
-0.181695314514684,-79.1135745984127,0.01855,-79.0153284599332
-0.175295800465992,-76.5705160716952,0.0186,-76.4721417860346
-0.168848093422667,-74.0103635390433,0.01865,-73.9100867554274
-0.162356769296093,-71.4323864156183,0.0187,-71.3297955168538
-0.15583090527258,-68.8321296124921,0.01875,-68.731904718567
-0.149257730022718,-66.2165647580288,0.0188,-66.1170553512485
-0.142648633459491,-63.5834683097645,0.01885,-63.4858925898526
-0.136006137005182,-60.9324402919187,0.0189,-60.8390656344203
-0.129325197949324,-58.2678509640181,0.01895,-58.1772275498968
-0.122611297095155,-55.5899282439967,0.019,-55.5010351050003
-0.115867482962319,-52.8985175081639,0.01905,-52.8111486101711
-0.109088692025992,-50.1975898992585,0.0191,-50.1082317546527
-0.102286059813533,-47.4831903719029,0.01915,-47.3929514427345
-0.0954565931465119,-44.756483502274,0.0192,-44.6659776292036
-0.0885993690020044,-42.0194692798777,0.01925,-41.9279831540442
-0.0817241906617738,-39.2687202865885,0.0193,-39.1796435764233
-0.0748240173599584,-36.5086271048843,0.01935,-36.4216370080074
-0.0679026659246702,-33.7403938879662,0.0194,-33.6546439456488
-0.0609617036743551,-30.9653527702383,0.01945,-30.8793471034815
-0.0540115418361076,-28.1793501581665,0.0195,-28.0964312444743
-0.0470398571393744,-25.3892556489351,0.01955,-25.3065830114731
-0.0400588812729339,-22.5920540415164,0.0196,-22.5104907577847
-0.0330699299263024,-19.7874150154078,0.01965,-19.7088443773333
-0.0260630406665676,-16.9822939687931,0.0197,-16.9023351344414
-0.0190533333050738,-14.1720429881297,0.01975,-14.0916554932706
-0.0120329428287675,-11.3606309541019,0.0198,-11.2774989469646
-0.00501197868709724,-8.54458634070812,0.01985,-8.46055984654221
0.0020076209244273,-5.72274812879229,0.0199,-5.64153322957581
0.00903657752433773,-2.9023991313873,0.01995,-2.82111464870093
0.0160589703688636,-0.079031259841748,0.02,-4.39905676567631e-14
0.0230785071362938,2.74509553654579,0.02005,2.82111464870116
0.030099007545866,5.56540915452875,0.0201,5.64153322957573
0.0371129060090496,8.38295638031286,0.02015,8.46055984654229
0.0441116457594681,11.2018943326846,0.0202,11.2774989469648
0.0511094765937301,14.0145283124928,0.02025,14.0916554932706
0.0580934463161693,16.8240884192295,0.0203,16.9023351344418
0.0650601379610993,19.6323230059907,0.02035,19.7088443773333
0.0720219130600164,22.4315440004697,0.0204,22.5104907577848
0.0789612045674986,25.2274997163645,0.02045,25.3065830114732
0.0858819782103488,28.0186330602575,0.0205,28.0964312444743
0.0927848210261804,30.8027061286153,0.02055,30.8793471034817
0.0996699995025185,33.5769653118959,0.0206,33.6546439456488
0.106525522282643,36.3457441824777,0.02065,36.4216370080077
0.113363808092268,39.1021912515997,0.0207,39.1796435764234
0.120170688176302,41.8506339803002,0.02075,41.9279831540442
0.126956324627784,44.5854956617941,0.0208,44.6659776292039
0.133703915689297,47.3133320309848,0.02085,47.3929514427345
0.140420527228983,50.0311778645615,0.0209,50.108231754653
0.147109180044921,52.7346254348213,0.02095,52.8111486101712
0.153762909569614,55.4241226746754,0.021,55.5010351050004
0.160374714819379,58.1024254496566,0.02105,58.177227549897
0.166955858631039,60.7629001279144,0.0211,60.8390656344203
0.173494230313421,63.4087682750456,0.02115,63.4858925898528
0.179992402075308,66.0385475799259,0.0212,66.1170553512485
0.186443848900018,68.6544843730867,0.02125,68.7319047185671
0.192859353495047,71.2498903662598,0.0213,71.3297955168538
0.199222631635969,73.8302966250227,0.02135,73.9100867554275
0.20554219054432,76.3915578294935,0.0214,76.4721417860348
0.211816637344561,78.9318036261564,0.02145,79.0153284599332
0.218036853957051,81.454303334111,0.0215,81.5390192838663
0.224201408260737,83.9600432055151,0.02155,84.0425915748853
0.230318464594824,86.4433345006984,0.0216,86.5254276139897
0.23638286327202,88.9032982228996,0.02165,88.9869147985382
0.242384581922059,91.343931604582,0.0217,91.4264457933996
0.248335516119451,93.7588715724552,0.02175,93.8434186808051
0.254220973510142,96.1531320599867,0.0218,96.23723710886
0.26004539517512,98.5247820585315,0.02185,98.6073104386873
0.265811079020596,100.870569833036,0.0219,100.953053890156
0.271515889585687,103.189048229024,0.02195,103.273888686171
0.277152603847653,105.482786014184,0.022,105.569242195473
0.282721543670002,107.751826351357,0.02205,107.83854807393
0.288230148418259,109.9910171025,0.0221,110.081246404272
0.293663232709127,112.206074537945,0.02215,112.296783834245
0.299025879127521,114.395136225043,0.0222,114.48461371314
0.304314480110175,116.5583721248,0.02225,116.644196226671
0.309542834327926,118.68617627367,0.0223,118.774998530168
0.314691541561412,120.784825039154,0.02235,120.876494880046
0.319762407721012,122.854988279679,0.0224,122.948166763526
0.324756802733473,124.895826923969,0.02245,124.98950302657
0.329676839495612,126.9047925382,0.0225,127
0.334516179675681,128.883383365443,0.02255,128.979161623772
0.339271328401297,130.833053666915,0.0226,130.92649956937
0.343946190814039,132.750902338263,0.02265,132.841533360295
0.348544508561139,134.632233366408,0.0227,134.723790490613
0.353061576855801,136.476811230075,0.02275,136.572806541544
0.357489121058311,138.288905985684,0.0228,138.388125296042
0.361829485408304,140.068733562799,0.02285,140.169298851371
0.36608781695633,141.812928453346,0.0229,141.915887729605
0.370255536858931,143.524137227164,0.02295,143.627460986076
0.374332348553185,145.202398879118,0.023,145.303596315692
0.378319041579605,146.846075392122,0.02305,146.943880157141
0.382214767890737,148.453528104528,0.0231,148.547907794931
0.386026126720495,150.018967494051,0.02315,150.115283459241
0.38974150413917,151.546165209637,0.0232,151.645620423582
0.393362063442755,153.035798053412,0.02325,153.138541100205
0.396886480083626,154.489065404511,0.0233,154.593677133273
0.400316146057349,155.905225795462,0.02335,156.010669489743
0.403654369167185,157.281314349786,0.0234,157.389168547954
0.406899006618008,158.616615685568,0.02345,158.728834183891
0.410039885477158,159.91618802221,0.0235,160.029335855103
0.413082322999561,161.178431435062,0.02355,161.290352682263
0.416022263276506,162.404179298974,0.0236,162.511573528339
0.418861062861055,163.59143070796,0.02365,163.692697075359
0.421604372513038,164.734635767957,0.0237,164.833431898762
0.424251024692964,165.831273059288,0.02375,165.9334965393
0.426792239200307,166.885370629447,0.0238,166.992619572483
0.429230135546305,167.898005087736,0.02385,168.01053967555
0.431562132486608,168.871778164291,0.0239,168.987005691949
0.433789942626376,169.806591083963,0.02395,169.921776693299
0.435915471480694,170.700538753832,0.024,170.814622038845
0.437934706277485,171.55402683365,0.02405,171.665321432357
0.439848826114687,172.365367152931,0.0241,172.473664976489
0.441658028536359,173.132884284446,0.02415,173.239453224566
0.443368369563146,173.851856247328,0.0242,173.962497229798
0.444969095418688,174.526785444284,0.02425,174.642618591895
0.446459368838717,175.160498429977,0.0243,175.279649501089
0.447840830684292,175.753718967949,0.02435,175.873432779533
0.449114349717497,176.305930142651,0.0244,176.42382192009
0.450280244931335,176.815823142492,0.02445,176.930681122474
0.451338453214689,177.281863020325,0.0245,177.393885326762
0.452288666557735,177.702807262268,0.02455,177.813320244248
0.453130569946893,178.077972747711,0.0246,178.188882385641
0.453865249948265,178.406554116905,0.02465,178.520479086602
0.454489313221558,178.690655507045,0.0247,178.808028530609
0.455003258799174,178.931359935781,0.02475,179.051459769137
0.455407415561005,179.129274970323,0.0248,179.250712739172
0.455700291501401,179.285418025912,0.02485,179.405738278025
0.455884483956623,179.398227523003,0.0249,179.516498135463
0.455959700241046,179.466649141594,0.02495,179.582964983149
0.455925726133181,179.489857114044,0.025,179.605122421383
0.545176745206788,128.545586688868,0.02505,179.582964983149
0.543151109409138,114.633928153046,0.0251,179.516498135463
0.524009755589283,132.178868924197,0.02515,179.405738278025
0.515338022582974,163.638601327916,0.0252,179.250712739172
0.517020105131358,194.140814650373,0.02525,179.051459769137
0.520373524107065,215.707199291613,0.0253,178.808028530609
0.518467360049875,226.271216020442,0.02535,178.520479086602
0.509017322358666,227.206403630028,0.0254,178.188882385641
0.49345488264273,221.204103932484,0.02545,177.813320244248
0.474861991352931,211.064885673759,0.0255,177.393885326762
0.456389213532667,199.161368863916,0.02555,176.930681122474
0.440388570490327,187.3090898222,0.0256,176.42382192009
0.428189046489805,176.78215396919,0.02565,175.873432779533
0.420191507692515,168.377153386822,0.0257,175.279649501088
0.416133803304078,162.460139514231,0.02575,174.642618591895
0.415312364595721,159.041991445073,0.0258,173.962497229798
0.4168167243852,157.845993203758,0.02585,173.239453224566
0.419670175968683,158.407800880239,0.0259,172.473664976488
0.422966310051407,160.164161323447,0.02595,171.665321432357
0.425957320704818,162.534601621549,0.026,170.814622038845
0.428078341864698,165.00279619784,0.02605,169.921776693299
0.428994426608377,167.150893651686,0.0261,168.987005691949
0.428573025009975,168.688626329194,0.02615,168.01053967555
0.4268531746077,169.458336869477,0.0262,166.992619572483
0.424002311128554,169.423035352755,0.02625,165.9334965393
0.420268004672707,168.64290246299,0.0263,164.833431898762
0.415931263909272,167.245798723977,0.02635,163.692697075359
0.411263117694787,165.398656694818,0.0264,162.511573528339
0.406509635370853,163.271671812026,0.02645,161.290352682263
0.401848409805858,161.027170388446,0.0265,160.029335855103
0.397396319657936,158.79923389986,0.02655,158.728834183891
0.39320509754306,156.686567117571,0.0266,157.389168547954
0.389285724728907,154.740775285983,0.02665,156.010669489743
0.385592898054185,152.981806218229,0.0267,154.593677133273
0.382057078165118,151.399297511284,0.02675,153.138541100205
0.378597139597495,149.960369702744,0.0268,151.645620423582
0.375127255078624,148.621154001396,0.02685,150.115283459241
0.371585074795611,147.325345882169,0.0269,148.547907794931
0.367908754405946,146.02462250612,0.02695,146.943880157141
0.364058251146176,144.678678316759,0.027,145.303596315692
0.360014058938965,143.257544348376,0.02705,143.627460986076
0.355774039047219,141.742565936246,0.0271,141.915887729605
0.351345741426407,140.128099551808,0.02715,140.169298851371
0.346757744687167,138.411673043274,0.0272,138.388125296042
0.342030671034067,136.602941754597,0.02725,136.572806541544
0.337189040241363,134.716502106815,0.0273,134.723790490613
0.332252634793299,132.770987717219,0.02735,132.841533360295
0.327251139688357,130.77724818732,0.0274,130.92649956937
0.322194372041331,128.749534359936,0.02745,128.979161623772
0.317089621196367,126.699406879512,0.0275,127
0.311936302546428,124.636973968378,0.02755,124.989503026569
0.306743719563407,122.561304161796,0.0276,122.948166763526
0.301503561604271,120.47378546773,0.02765,120.876494880045
0.296208874317252,118.373778393248,0.0277,118.774998530168
0.290849643081025,116.261024511413,0.02775,116.644196226671
0.285429873677771,114.127190545264,0.0278,114.48461371314
0.279940753687498,111.968952012678,0.02785,112.296783834245
0.274372969823979,109.786590475875,0.0279,110.081246404272
0.268736631459134,107.572416485208,0.02795,107.83854807393
0.263027043658731,105.325782728984,0.028,105.569242195473
0.257244495035366,103.04730332183,0.02805,103.273888686171
0.251387532319498,100.740530411007,0.0281,100.953053890157
0.245470015069237,98.4017500276763,0.02815,98.6073104386871
0.239491012689825,96.0331363135472,0.0282,96.2372371088598
0.233447659767663,93.6402768233673,0.02825,93.8434186808049
0.227354289278246,91.2202101754769,0.0283,91.4264457933995
0.221208871910584,88.7757176282032,0.02835,88.986914798538
0.215012415504184,86.3095812128997,0.0284,86.5254276139896
0.208762949518153,83.8261620088324,0.02845,84.0425915748851
0.20247167356964,81.3221173993295,0.0285,81.5390192838661
0.19613569700326,78.7987077408342,0.02855,79.0153284599331
0.189750274518964,76.2597712262078,0.0286,76.4721417860346
0.183326020706478,73.7013945992784,0.02865,73.9100867554273
0.176610094182053,71.2667984157542,0.0287,71.3297955168538
0.169631033110399,68.9823306675988,0.02875,68.7319047185669
0.163131779706703,66.4030309323522,0.0288,66.1170553512482
0.156634640261647,63.6145231639282,0.02885,63.4858925898526
0.14999617240457,60.7516963062617,0.0289,60.8390656344203
0.143264378706242,57.900033802556,0.02895,58.1772275498969
0.136491322918509,55.1068382602883,0.029,55.5010351050003
0.129719044192587,52.3789218952199,0.02905,52.8111486101712
0.122969156962043,49.6955817434752,0.0291,50.1082317546529
0.11622031072665,47.038929599724,0.02915,47.3929514427345
0.109456800240359,44.3882062219876,0.0292,44.6659776292038
0.102658026749396,41.7297416027066,0.02925,41.9279831540442
0.0958084325073258,39.05635437988,0.0293,39.1796435764232
0.088906040062632,36.3618246490335,0.02935,36.4216370080076
0.0819601595928354,33.6385871687919,0.0294,33.6546439456486
0.0749660057445141,30.8902719530672,0.02945,30.8793471034816
0.0679341101907944,28.1185252632572,0.0295,28.0964312444741
0.0608775661722802,25.3241736437402,0.02955,25.3065830114733
0.0538009904867955,22.5126806338895,0.0296,22.5104907577846
0.0467097397870191,19.6904878572613,0.02965,19.7088443773331
0.0396123966270245,16.861595778225,0.0297,16.9023351344416
0.0325101180150895,14.0317281583487,0.02975,14.0916554932704
0.0254150607657451,11.1991881488449,0.0298,11.2774989469646
0.0183269549330305,8.36537556127418,0.02985,8.46055984654208
0.0112368916403334,5.53706679552127,0.0299,5.64153322957552
0.00415916693209795,2.70929889731122,0.02995,2.82111464870095
-0.00291734326718185,-0.113247351455634,0.03,-2.53056936119398e-13
-0.00999277269086818,-2.92909140435457,0.03005,-2.82111464870114
-0.017056207933571,-5.74431775703998,0.0301,-5.64153322957602
-0.0241158079955852,-8.55700338827815,0.03015,-8.46055984654226
-0.0311753859215393,-11.3642108113636,0.0302,-11.2774989469648
-0.038223032711123,-14.17103617091,0.03025,-14.0916554932706
-0.0452609732266858,-16.9772869861026,0.0303,-16.9023351344418
-0.0522943272990037,-19.7786647139884,0.03035,-19.7088443773333
-0.0593101110633807,-22.5791162475204,0.0304,-22.5104907577848
-0.0663129864385983,-25.3754077416875,0.03045,-25.3065830114735
-0.073304700716367,-28.1633091238376,0.0305,-28.0964312444743
-0.0802706097255452,-30.9476086028179,0.03055,-30.8793471034818
-0.0872247258916961,-33.7203595761167,0.0306,-33.6546439456488
-0.0941471923293058,-36.4885996963858,0.03065,-36.4216370080078
-0.101042102164644,-39.2510131253214,0.0307,-39.1796435764234
-0.107919122944093,-41.9999065358261,0.03075,-41.9279831540444
-0.114763731135609,-44.7387545288051,0.0308,-44.665977629204
-0.121576278181319,-47.4671459117047,0.03085,-47.3929514427347
-0.128360000107303,-50.1819953716345,0.0309,-50.1082317546531
-0.135111689682967,-52.8827373430713,0.03095,-52.8111486101713
-0.14182161436254,-55.5736520878332,0.031,-55.5010351050005
-0.148503890074515,-58.2471599905242,0.03105,-58.1772275498973
-0.155143820292732,-60.9076667433106,0.0311,-60.8390656344205
-0.161742830763824,-63.5546753945272,0.03115,-63.4858925898531
-0.168307879073852,-66.182849957723,0.0312,-66.1170553512486
-0.174823982604412,-68.7974064282516,0.03125,-68.731904718567
-0.181524539623974,-71.2659922984906,0.0313,-71.3297955168543
-0.187994868525624,-73.7846895340019,0.03135,-73.9100867554278
-0.194306594199433,-76.3961390039712,0.0314,-76.4721417860347
-0.200575124791996,-79.0507739286256,0.03145,-79.0153284599335
-0.206822305440026,-81.6927430131608,0.0315,-81.5390192838663
-0.213015260396458,-84.2922323049384,0.03155,-84.0425915748855
-0.21913213092212,-86.8352632127072,0.0316,-86.5254276139897
-0.225162557833412,-89.3209030802549,0.03165,-88.9869147985382
-0.231114587464568,-91.7513265485647,0.0317,-91.4264457933999
-0.236985554407716,-94.1400106615846,0.03175,-93.8434186808051
-0.24278943968303,-96.4952260531856,0.0318,-96.23723710886
-0.248542519334076,-98.8197283945145,0.03185,-98.6073104386873
-0.254240114963745,-101.122929716396,0.0319,-100.953053890157
-0.259887309638104,-103.408218158872,0.03195,-103.273888686172
-0.265484535317875,-105.67682118884,0.032,-105.569242195473
-0.271035803269336,-107.924721646877,0.03205,-107.83854807393
-0.27652503587943,-110.156310243308,0.0321,-110.081246404272
-0.281951023664847,-112.37005864279,0.03215,-112.296783834245
-0.287316497237851,-114.559674113317,0.0322,-114.48461371314
-0.292607172314955,-116.726658684789,0.03225,-116.644196226671
-0.297821989790371,-118.86836018481,0.0323,-118.774998530168
-0.302958925561841,-120.98179455707,0.03235,-120.876494880046
-0.308021929531414,-123.06082217079,0.0324,-122.948166763525
-0.312998341928862,-125.108630505644,0.03245,-124.98950302657
-0.317890162365876,-127.124422624983,0.0325,-127
-0.322698226581094,-129.10709158993,0.03255,-128.979161623772
-0.327428741652822,-131.052210975729,0.0326,-130.92649956937
-0.332070596433057,-132.964382372115,0.03265,-132.841533360295
-0.336626602048691,-134.84387756968,0.0327,-134.723790490614
-0.34109781561942,-136.69027246967,0.03275,-136.572806541544
-0.345489772792881,-138.49970161888,0.0328,-138.388125296043
-0.349791645224423,-140.276363034341,0.03285,-140.169298851371
-0.354005204613824,-142.020301858099,0.0329,-141.915887729605
-0.358130637421251,-143.730767722979,0.03295,-143.627460986076
-0.362166975513794,-145.40680781472,0.033,-145.303596315692
-0.3661189399376,-147.044016430954,0.03305,-146.943880157141
-0.369974327868665,-148.646718588572,0.0331,-148.547907794931
-0.373735081442835,-150.214667595569,0.03315,-150.115283459241
-0.37740155269832,-151.746806368014,0.0332,-151.645620423582
-0.380972938086032,-153.241964502798,0.03325,-153.138541100205
-0.384453809423846,-154.695854171831,0.0333,-154.593677133273
-0.387832862506411,-156.112545916709,0.03335,-156.010669489743
-0.391112174031697,-157.491913293842,0.0334,-157.389168547954
-0.394292377475391,-158.833122872133,0.03345,-158.728834183891
-0.397373022026656,-160.135256360777,0.0335,-160.029335855103
-0.400353182855898,-161.397592161443,0.03355,-161.290352682263
-0.403237549251436,-162.616431348909,0.0336,-162.511573528339
-0.406015492613083,-163.796128444455,0.03365,-163.692697075359
-0.408689461666015,-164.936776934511,0.0337,-164.833431898762
-0.411260327160285,-166.037688777463,0.03375,-165.9334965393
-0.413727771667936,-167.098037539638,0.0338,-166.992619572483
-0.416090940588042,-168.11715483376,0.03385,-168.010539675551
-0.418348913395317,-169.094586409093,0.0339,-168.987005691949
-0.420500915779105,-170.030040838948,0.03395,-169.9217766933
-0.422552078678422,-170.920056515763,0.034,-170.814622038845
-0.424491707040708,-171.769349542224,0.03405,-171.665321432357
-0.426322798496329,-172.577967163373,0.0341,-172.473664976489
-0.428046459405746,-173.345133349373,0.03415,-173.239453224566
-0.429662472827768,-174.069970463225,0.0342,-173.962497229798
-0.431170074516221,-174.751812401796,0.03425,-174.642618591895
-0.432568479280722,-175.390249815206,0.0343,-175.279649501089
-0.433857100319237,-175.985062667032,0.03435,-175.873432779533
-0.435035566343917,-176.536137943819,0.0344,-176.42382192009
-0.436103655352422,-177.043411475386,0.03445,-176.930681122474
-0.437061220982141,-177.506837382954,0.0345,-177.393885326762
-0.437908142091334,-177.926375565762,0.03455,-177.813320244248
-0.438644298286302,-178.301987376548,0.0346,-178.188882385641
-0.439269563318572,-178.633633728665,0.03465,-178.520479086602
-0.439783807610397,-178.921273649013,0.0347,-178.808028530609
-0.440185642114464,-179.165582201075,0.03475,-179.051459769137
-0.440484406435239,-179.361335111447,0.0348,-179.250712739172
-0.440665677790363,-179.514975845916,0.03485,-179.405738278025
-0.44073401429506,-179.626560546414,0.0349,-179.516498135463
-0.440691323442103,-179.695164475807,0.03495,-179.582964983149
-0.440537783820844,-179.719821427994,0.035,-179.605122421383
-0.337633478289654,-238.166595343565,0.03505,-179.582964983149
-0.316054555102021,-267.233702077116,0.0351,-179.516498135463
-0.334639817137834,-252.128037259532,0.03515,-179.405738278025
-0.365912065793374,-201.559847944729,0.0352,-179.250712739172
-0.394407845889745,-137.845682883106,0.03525,-179.051459769137
-0.413454159711939,-85.8703297280697,0.0353,-178.808028530609
-0.422076600190245,-63.8157236589277,0.03535,-178.520479086602
-0.423087710669918,-77.4384565434314,0.0354,-178.188882385641
-0.42054413701571,-119.694444850063,0.03545,-177.813320244248
-0.41801394211555,-174.653356750474,0.0355,-177.393885326762
-0.417907580247807,-223.633758230785,0.03555,-176.930681122474
-0.420958724681341,-251.647915380248,0.0356,-176.42382192009
-0.42626943082881,-251.971188861089,0.03565,-175.873432779533
-0.431634251147983,-227.659207879748,0.0357,-175.279649501089
-0.434911976846024,-189.35426540125,0.03575,-174.642618591895
-0.434779431434542,-150.947445391341,0.0358,-173.962497229798
-0.431157513347188,-124.660744752046,0.03585,-173.239453224566
-0.42504423548651,-117.310037789782,0.0359,-172.473664976489
-0.418078474171963,-128.748481608683,0.03595,-171.665321432357
-0.411858092826698,-152.795927073495,0.036,-170.814622038845
-0.407489805227478,-179.94317940369,0.03605,-169.921776693299
-0.405417572116356,-200.741976187913,0.0361,-168.987005691949
-0.4053228856543,-208.838905357203,0.03615,-168.01053967555
-0.406129958971249,-202.771259436167,0.0362,-166.992619572483
-0.406554036078226,-185.848601454818,0.03625,-165.9334965393
-0.405575229301121,-164.496640702283,0.0363,-164.833431898762
-0.402740234901927,-145.792750139883,0.03635,-163.692697075359
-0.398225036323126,-135.096906078147,0.0364,-162.511573528339
-0.392696806413035,-134.522946564113,0.03645,-161.290352682263
-0.387034330695585,-142.645253711406,0.0365,-160.029335855103
-0.382020489160539,-155.383163400173,0.03655,-158.728834183891
-0.378097584848057,-167.640481441965,0.0366,-157.389168547954
-0.375262317477862,-175.077711182509,0.03665,-156.010669489743
-0.373144748719646,-175.411652725474,0.0367,-154.593677133273
-0.371145075547851,-168.918255675611,0.03675,-153.138541100205
-0.368671156207846,-158.032644160604,0.0368,-151.645620423582
-0.365317407911895,-146.309769572805,0.03685,-150.115283459241
-0.360986289181753,-137.136667899132,0.0369,-148.54790779493
-0.355875441539759,-132.660552224656,0.03695,-146.943880157141
-0.350385709929647,-133.23994388117,0.037,-145.303596315692
-0.344962083393433,-137.544871240415,0.03705,-143.627460986076
-0.33994297446575,-143.190797546432,0.0371,-141.915887729605
-0.335465674189287,-147.635451749611,0.03715,-140.169298851371
-0.331467429956113,-149.007163071286,0.0372,-138.388125296042
-0.327691032488858,-146.647687089183,0.03725,-136.572806541543
-0.323818601319964,-141.171729566538,0.0373,-134.723790490613
-0.319575871958129,-134.117119720138,0.03735,-132.841533360294
-0.314807942947148,-127.34191867409,0.0374,-130.92649956937
-0.309536911132689,-122.374711784101,0.03745,-128.979161623772
-0.303905244018402,-119.972254250879,0.0375,-127
-0.29813511890648,-119.96055722466,0.03755,-124.98950302657
-0.292443030564826,-121.402700487119,0.0376,-122.948166763525
-0.286973862894918,-122.991031242308,0.03765,-120.876494880045
-0.281750511391891,-123.521054730516,0.0377,-118.774998530167
-0.276701518638703,-122.259924894561,0.03775,-116.644196226671
-0.271667974644323,-119.140150707287,0.0378,-114.48461371314
-0.266508100120397,-114.682380071169,0.03785,-112.296783834245
-0.261096437137006,-109.775755926249,0.0379,-110.081246404272
-0.25538450256203,-105.34126415214,0.03795,-107.838548073929
-0.249407127327572,-102.029040890075,0.038,-105.569242195473
-0.24326728638318,-100.036151737522,0.03805,-103.273888686171
-0.2370806994021,-99.1035217370491,0.0381,-100.953053890156
-0.230944159037243,-98.6530135619266,0.03815,-98.6073104386869
-0.224911886324904,-98.0095064015315,0.0382,-96.2372371088599
-0.218982041642128,-96.6305237478649,0.03825,-93.8434186808047
-0.213086483190345,-94.276396545591,0.0383,-91.4264457933995
-0.207157207150818,-91.0351533416192,0.03835,-88.9869147985378
-0.201115517407704,-87.2680369954504,0.0384,-86.5254276139896
-0.194912796333632,-83.4572063918257,0.03845,-84.0425915748851
-0.188540497060831,-80.0363506630542,0.0385,-81.5390192838658
-0.182038196920956,-77.250708159868,0.03855,-79.0153284599331
-0.175465473609581,-75.1039343030876,0.0386,-76.4721417860346
-0.168865952727089,-73.3959337271157,0.03865,-73.9100867554273
-0.162302227850013,-71.7890548003074,0.0387,-71.3297955168535
-0.155780779893746,-69.9556141341366,0.03875,-68.7319047185666
-0.149287161173127,-67.673650892986,0.0388,-66.1170553512485
-0.142794046282756,-64.8832637422624,0.03885,-63.4858925898526
-0.136254526000922,-61.6954941521548,0.0389,-60.83906563442
-0.129633346754641,-58.3320532234799,0.03895,-58.1772275498972
-0.122921086817435,-55.0369641621615,0.039,-55.5010351049998
-0.116121709550189,-52.0009301159083,0.03905,-52.8111486101712
-0.109259568564724,-49.3030918877015,0.0391,-50.1082317546526
-0.102369082480813,-46.8982676005257,0.03915,-47.3929514427342
-0.0954771385105921,-44.6496389959773,0.0392,-44.6659776292038
-0.0885962362363806,-42.3851446430744,0.03925,-41.9279831540439
-0.0817358800128503,-39.9502095022576,0.0393,-39.1796435764232
-0.0748865339171836,-37.2608927822386,0.03935,-36.4216370080073
-0.0680241324303239,-34.3256531034041,0.0394,-33.6546439456484
-0.0611306731029941,-31.2271406838519,0.03945,-30.8793471034817
-0.054197096349121,-28.0865080333322,0.0395,-28.0964312444738
-0.0472130273136102,-25.0268819704081,0.03955,-25.306583011473
-0.0401968502707817,-22.1212659079966,0.0396,-22.5104907577846
-0.0331600362931503,-19.3860484858618,0.03965,-19.7088443773331
-0.0261124899558887,-16.7823398779141,0.0397,-16.9023351344416
-0.0190744147806043,-14.2271476813304,0.03975,-14.0916554932701
-0.012050093492423,-11.6330794322908,0.0398,-11.2774989469646
-0.00504448049654016,-8.93107001938939,0.03985,-8.4605598465421
0.0019476352782597,-6.09440602417603,0.0399,-5.64153322957554
0.00894778442923894,-3.1496196966724,0.03995,-2.82111464870097
0.0159517068467423,-0.145730568296819,0.04,5.5010443989556e-13
0.0229687803499026,2.84988132872911,0.04005,2.82111464870112
0.0300013456987891,5.77898467339472,0.0401,5.641533229576
0.0370345505659682,8.61670780040029,0.04015,8.46055984654256
0.0440610081742836,11.3676553174688,0.0402,11.2774989469644
0.0510760699322699,14.0608924321197,0.04025,14.0916554932709
0.0580761803989098,16.7386198633045,0.0403,16.9023351344418
0.0650392232191148,19.4532090873723,0.04035,19.7088443773336
0.0719855212307632,22.2233640226801,0.0404,22.5104907577851
0.0789115311465203,25.053093188041,0.04045,25.3065830114732
0.0858194578936917,27.9246236840083,0.0405,28.0964312444746
0.092720132167889,30.8017062509475,0.04055,30.8793471034818
0.0996053987872383,33.654191587448,0.0406,33.6546439456491
0.106469548982906,36.4611895081521,0.04065,36.4216370080078
0.113321029835818,39.2081878494228,0.0407,39.1796435764234
0.120137472399907,41.9104006567163,0.04075,41.9279831540447
0.126931392206682,44.5797783590891,0.0408,44.665977629204
0.133684913683068,47.2450616826784,0.04085,47.3929514427346
0.140397665829581,49.9263062868859,0.0409,50.1082317546531
0.147081196968192,52.6260142848793,0.04095,52.8111486101713
0.153727977261887,55.3431121003271,0.041,55.5010351050008
0.160334718247816,58.0677646976899,0.04105,58.177227549897
0.166913949555329,60.7766175215126,0.0411,60.8390656344204
0.17345593714028,63.4562506906333,0.04115,63.4858925898531
0.179960162976654,66.0967168276084,0.0412,66.1170553512486
0.186418725710382,68.6996081907038,0.04125,68.7319047185676
0.192840666197215,71.2652334640629,0.0413,71.3297955168539
0.199207372618558,73.8112058258677,0.04135,73.9100867554277
0.205526977888063,76.3453027614906,0.0414,76.472141786035
0.211798983034193,78.8736129649258,0.04145,79.0153284599332
0.21801563893364,81.4014892000102,0.0415,81.5390192838662
0.224177013966142,83.9261706419738,0.04155,84.0425915748855
0.230292157871011,86.434473828724,0.0416,86.52542761399
0.236357144283459,88.9165343070481,0.04165,88.9869147985384
0.24236148418661,91.3696513463312,0.0417,91.4264457933996
0.248316104216894,93.7847273623735,0.04175,93.8434186808051
0.254205273535067,96.1683143989489,0.0418,96.2372371088603
0.260032655946958,98.5232257935007,0.04185,98.6073104386875
0.265799520960994,100.852637120248,0.0419,100.953053890157
0.271503868558148,103.160471393971,0.04195,103.273888686171
0.277139167150677,105.452061092891,0.042,105.569242195473
0.282706445185549,107.727182302278,0.04205,107.83854807393
0.288213728433673,109.977861944773,0.0421,110.081246404272
0.293646608860101,112.205399489641,0.04215,112.296783834245
0.299010062024102,114.403901530706,0.0422,114.48461371314
0.304300440537354,116.570821206752,0.04225,116.644196226671
0.309530911113992,118.696138682214,0.0423,118.774998530168
0.314681399640989,120.787811600151,0.04235,120.876494880046
0.31975350526117,122.849300812837,0.0424,122.948166763526
0.324746249151222,124.884045565548,0.04245,124.98950302657
0.329666710187897,126.889323748908,0.0425,127
0.334505936233976,128.868132970976,0.04255,128.979161623772
0.339260777684391,130.821505155715,0.0426,130.92649956937
0.343935450215113,132.745038894667,0.04265,132.841533360295
0.348534041308625,134.631982475783,0.0427,134.723790490613
0.353051851467734,136.480342228097,0.04275,136.572806541544
0.357480392222129,138.293468610492,0.0428,138.388125296043
0.361821799999543,140.071629019838,0.04285,140.169298851371
0.366080965402119,141.812389232756,0.0429,141.915887729606
0.370249247533373,143.519724644818,0.04295,143.627460986076
0.374326206136171,145.195055588221,0.043,145.303596315692
0.378312784601423,146.837591030239,0.04305,146.943880157142
0.382208247935477,148.445893390455,0.0431,148.54790779493
0.386019370946393,150.013697905962,0.04315,150.115283459242
0.389734728720683,151.543837577519,0.0432,151.645620423582
0.393355493866149,153.036012509293,0.04325,153.138541100205
0.396880364602623,154.490654023837,0.0433,154.593677133273
0.400310605247018,155.906747847853,0.04335,156.010669489743
0.403649381487615,157.281558939758,0.0434,157.389168547954
0.406894436646013,158.61496505049,0.04345,158.728834183891
0.410035535460597,159.912746181167,0.0435,160.029335855103
0.413078042917657,161.173877300943,0.04355,161.290352682263
0.41601791981326,162.399507066994,0.0436,162.511573528339
0.418858020650614,163.586778484648,0.04365,163.692697075359
0.421599872444475,164.731952553163,0.0437,164.833431898762
0.424246022074872,165.830726599882,0.04375,165.9334965393
0.426787341800473,166.886319100297,0.0438,166.992619572483
0.42922565932064,167.89938224105,0.04385,168.01053967555
0.431558187796188,168.872515951285,0.0439,168.987005691949
0.433786467093331,169.805991192348,0.04395,169.921776693299
0.435912342404901,170.69843805779,0.044,170.814622038845
0.437931728941312,171.55081651455,0.04405,171.665321432357
0.439845855152683,172.361778762294,0.0441,172.473664976489
0.441654999454791,173.12970376419,0.04415,173.239453224566
0.443365296615859,173.849660102414,0.0442,173.962497229798
0.444966033496506,174.525787267707,0.04425,174.642618591895
0.446456422569828,175.160504759149,0.0443,175.279649501089
0.447838085224468,175.754248205959,0.04435,175.873432779533
0.449111844226731,176.306404883144,0.0444,176.42382192009
0.450277965768286,176.815768530111,0.04445,176.930681122474
0.451336345201177,177.281046510347,0.0445,177.393885326762
0.452286655582789,177.701282575343,0.04455,177.813320244248
0.453128376223837,178.076146964986,0.0446,178.188882385641
0.453862305616006,178.405159420117,0.04465,178.520479086602
0.454486257912556,178.689761419305,0.0447,178.808028530609
0.455000408976929,178.930817601444,0.04475,179.051459769137
0.455404889214492,179.128845680162,0.0448,179.250712739172
0.455698087173801,179.284887199813,0.04485,179.405738278025
0.455882548097421,179.397473058456,0.0449,179.516498135463
0.455957960485556,179.465667677346,0.04495,179.582964983149
0.455924114348278,179.488745678734,0.045,179.605122421383
0.455780872959323,179.466357748202,0.04505,179.582964983149
0.455524412406454,179.400712188629,0.0451,179.516498135463
0.455162366483847,179.288492544341,0.04515,179.405738278025
0.454692583981995,179.129997019294,0.0452,179.250712739172
0.454111531948207,178.927810617759,0.04525,179.051459769137
0.453421262718372,178.682385455467,0.0453,178.808028530609
0.45262200118556,178.394162619319,0.04535,178.520479086602
0.451714141888026,178.063074042612,0.0454,178.188882385641
0.450695811248416,177.689970845346,0.04545,177.813320244248
0.449569364084191,177.273502830769,0.0455,177.393885326762
0.448335681030954,176.8123514118,0.04555,176.930681122474
0.446993290903393,176.306746609504,0.0456,176.42382192009
0.445543530740068,175.756266289841,0.04565,175.873432779533
0.443987495848567,175.160694459666,0.0457,175.279649501088
0.442323074545307,174.521907635277,0.04575,174.642618591895
0.440552670145642,173.84002881448,0.0458,173.962497229798
0.438673007729221,173.117649747478,0.04585,173.239453224566
0.436686771117643,172.35449498782,0.0459,172.473664976488
0.434602732904288,171.545424533146,0.04595,171.665321432357
0.432414306647885,170.692360252001,0.046,170.814622038845
0.430123331745982,169.79559515607,0.04605,169.921776693299
0.427726614043934,168.85824641,0.0461,168.987005691949
0.425227336541589,167.880614317652,0.04615,168.01053967555
0.422623694818469,166.8644126472,0.0462,166.992619572483
0.419919328243715,165.808241827666,0.04625,165.9334965393
0.417103428421555,164.717581951662,0.0463,164.833431898762
0.41419920039003,163.580642888666,0.04635,163.692697075359
0.411197733681277,162.397933005186,0.0464,162.511573528339
0.408100305934887,161.169602335234,0.04645,161.290352682263
0.404901069728112,159.901301098395,0.0465,160.029335855103
0.401603019332917,158.59576156513,0.04655,158.72883418389
0.398208062900942,157.25454948311,0.0466,157.389168547954
0.394710707950658,155.881888651418,0.04665,156.010669489743
0.391122458948551,154.472273919016,0.0467,154.593677133273
0.387444782311796,153.0218850694,0.04675,153.138541100205
0.383676437647843,151.529483389884,0.0468,151.645620423582
0.37981661627925,149.995880048773,0.04685,150.115283459241
0.375857700390782,148.427530791759,0.0469,148.54790779493
0.371814896709083,146.819956977021,0.04695,146.943880157141
0.36767797315968,145.178798287477,0.047,145.303596315692
0.363457699345375,143.50088523775,0.04705,143.627460986076
0.359152678820927,141.786773687818,0.0471,141.915887729605
0.354753780833846,140.04265704019,0.04715,140.16929885137
0.350274581048538,138.263766957527,0.0472,138.388125296042
0.345713184854262,136.44980435742,0.04725,136.572806541544
0.34106445904176,134.603904745215,0.0473,134.723790490613
0.33634028995268,132.721197458316,0.04735,132.841533360295
0.331529417927115,130.807358060526,0.0474,130.92649956937
0.326643035693131,128.859186653434,0.04745,128.979161623772
0.321680673399676,126.877136451238,0.0475,127
0.316634855985392,124.866960225749,0.04755,124.98950302657
0.311513459851589,122.827621490199,0.0476,122.948166763525
0.306324172584034,120.755222046458,0.04765,120.876494880045
0.301061464631168,118.652153055965,0.0477,118.774998530167
0.29572783653088,116.519025068922,0.04775,116.644196226671
0.290311892139769,114.364112452916,0.0478,114.48461371314
0.284835349230988,112.178980369793,0.04785,112.296783834245
0.279294779606253,109.962956190676,0.0479,110.081246404272
0.273679929061942,107.722281495559,0.04795,107.83854807393
0.268006352236526,105.45176397854,0.048,105.569242195473
0.262265202145286,103.156040641239,0.04805,103.273888686171
0.256464511192519,100.833546921147,0.0481,100.953053890156
0.250599100698231,98.4882245696567,0.04815,98.6073104386869
0.244675813617768,96.1188371607537,0.0482,96.2372371088596
0.238695271503005,93.7256692259776,0.04825,93.843418680805
0.232653283072594,91.3121472209102,0.0483,91.4264457933995
0.22656179006259,88.8736335669826,0.04835,88.9869147985378
0.220417683596885,86.4111923272862,0.0484,86.5254276139893
0.214218230494716,83.9280673045014,0.04845,84.0425915748848
0.207967106571658,81.4250594321159,0.0485,81.5390192838661
0.201668924192003,78.9013035440921,0.04855,79.0153284599331
0.195324633502967,76.3571568665462,0.0486,76.4721417860343
0.188926206803391,73.7986439394675,0.04865,73.9100867554271
0.182491586818216,71.2188976767325,0.0487,71.3297955168536
0.176012317668189,68.6212696544615,0.04875,68.7319047185669
0.169486454586419,66.0092203697402,0.0488,66.1170553512482
0.162925497382513,63.3788908234817,0.04885,63.4858925898523
0.156330264880776,60.7296326272703,0.0489,60.83906563442
0.149686262896747,58.0709685923191,0.04895,58.1772275498966
0.143018267533833,55.3938416127635,0.049,55.5010351050001
0.136315409709827,52.7025395967485,0.04905,52.8111486101709
0.12957656472274,50.0005712521684,0.0491,50.1082317546527
0.122807928587285,47.2873619653938,0.04915,47.3929514427342
0.116016030643134,44.5601384468067,0.0492,44.6659776292032
0.109189259819775,41.8256018728408,0.04925,41.9279831540439
0.102342137502951,39.079110131048,0.0493,39.1796435764232
0.0954747208142237,36.3201813267555,0.04935,36.4216370080073
0.088578568533098,33.5547875971696,0.0494,33.6546439456484
0.0816669797222396,30.7792230401927,0.04945,30.8793471034811
0.0747380255721382,27.9948480735792,0.0495,28.0964312444742
0.0677842786354006,25.2078986872507,0.04955,25.306583011473
0.0608251985701038,22.4110301977654,0.0496,22.5104907577843
0.0538507974956914,19.6085576826572,0.04965,19.7088443773328
0.0468581743835124,16.8050699763252,0.0497,16.902335134441
0.0398611410005572,13.9958925359644,0.04975,14.0916554932705
0.0328515000079079,11.1850950775769,0.0498,11.2774989469643
0.0258400341018792,8.36897868638048,0.04985,8.4605598465418
0.0188239497079508,5.54918271685716,0.0499,5.64153322957588
0.0117978624841939,2.7309956372442,0.04995,2.82111464870068
0.00477740401726123,-0.0908419898838019,0.05,-2.09066368462635e-13
-0.00224175991118614,-2.91424735066955,0.05005,-2.82111464870141
-0.00926498486243688,-5.73380739307685,0.0501,-5.64153322957598
-0.0162809878230306,-8.55222225013284,0.05015,-8.46055984654222
-0.0232921826386523,-11.3677654908631,0.0502,-11.277498946965
-0.0302968962762353,-14.179721664817,0.05025,-14.0916554932709
-0.0372919177920892,-16.988478670874,0.0503,-16.9023351344418
-0.0442746281969573,-19.794488194265,0.05035,-19.7088443773336
-0.0512482566799939,-22.5946884420759,0.0504,-22.5104907577847
-0.0582076926005772,-25.3893484811451,0.05045,-25.3065830114734
-0.0651470817344642,-28.1804264568369,0.0505,-28.0964312444743
-0.0720755752995235,-30.9619094036184,0.05055,-30.8793471034818
-0.0789798705226552,-33.7376244688777,0.0506,-33.6546439456491
-0.0858644606252668,-36.5048637447105,0.05065,-36.4216370080078
-0.092727731680041,-39.2621941378127,0.0507,-39.1796435764233
-0.0995654500772538,-42.0100113397367,0.05075,-41.9279831540443
-0.106375057724712,-44.7486154169208,0.0508,-44.6659776292039
-0.113162401093312,-47.4734257031163,0.05085,-47.3929514427349
-0.119916192457659,-50.1878817450937,0.0509,-50.1082317546528
-0.126635869860769,-52.8923196339887,0.05095,-52.8111486101713
-0.133333921041467,-55.578391711518,0.051,-55.5010351050005
-0.139990835206145,-58.2527809445874,0.05105,-58.1772275498973
-0.14660893561746,-60.9154884563079,0.0511,-60.8390656344207
-0.153193564241052,-63.5623405015223,0.05115,-63.4858925898527
-0.1597403445526,-66.1925724687278,0.0512,-66.1170553512486
-0.166241433598828,-68.8088171611542,0.05125,-68.7319047185673
-0.17270526597477,-71.4058779744312,0.0513,-71.3297955168542
-0.179119679970864,-73.9874507347321,0.05135,-73.910086755428
-0.185488507574365,-76.5512531941029,0.0514,-76.4721417860347
-0.191818058059087,-79.0914693218452,0.05145,-79.0153284599335
-0.198093139673237,-81.613376144755,0.0515,-81.5390192838665
-0.204314272971452,-84.1177607890228,0.05155,-84.0425915748858
-0.21048856909624,-86.599899431889,0.0516,-86.5254276139902
-0.216611746178022,-89.0590259086606,0.05165,-88.9869147985381
-0.222672620001468,-91.4999521496654,0.0517,-91.4264457933999
-0.228683632489018,-93.9161947877248,0.05175,-93.8434186808053
-0.234630083827644,-96.3124544157474,0.0518,-96.2372371088605
-0.240517190828433,-98.6858653305525,0.05185,-98.6073104386878
-0.246350102992665,-101.030912190234,0.0519,-100.953053890157
-0.252118200949653,-103.350185300727,0.05195,-103.273888686172
-0.257818256468265,-105.645655176836,0.052,-105.569242195474
-0.263452493226998,-107.916125237828,0.05205,-107.83854807393
-0.269025078897063,-110.157606769687,0.0521,-110.081246404272
-0.274526719976196,-112.372668197565,0.05215,-112.296783834245
-0.279956573070207,-114.561686892431,0.0522,-114.48461371314
-0.285319363613651,-116.721072892835,0.05225,-116.644196226671
-0.290615944662932,-118.847785799991,0.0523,-118.774998530168
-0.295830356689414,-120.948958837639,0.05235,-120.876494880046
-0.300969026519992,-123.022883294207,0.0524,-122.948166763526
-0.306034204548453,-125.066518063645,0.05245,-124.98950302657
-0.311020950407459,-127.079806507732,0.0525,-127
-0.315925944364741,-129.063067877181,0.05255,-128.979161623772
-0.32075550835374,-131.01148595959,0.0526,-130.92649956937
-0.325506495636162,-132.924005237234,0.05265,-132.841533360295
-0.330172275079223,-134.803481640031,0.0527,-134.723790490613
-0.334750803851511,-136.652057378716,0.05275,-136.572806541544
-0.33924412734099,-138.468926884822,0.0528,-138.388125296043
-0.343650107971229,-140.253866175478,0.05285,-140.169298851371
-0.347977019749004,-142.000473428463,0.0529,-141.915887729605
-0.352211785682222,-143.712564572913,0.05295,-143.627460986076
-0.356356323172857,-145.389617308323,0.053,-145.303596315692
-0.360408754051246,-147.031978341262,0.05305,-146.943880157142
-0.364379704726705,-148.632795212426,0.0531,-148.54790779493
-0.368252323550443,-150.198528416261,0.05315,-150.115283459241
-0.372029883042821,-151.72932354374,0.0532,-151.645620423582
-0.375710117615839,-153.226114048301,0.05325,-153.138541100205
-0.379296265220972,-154.686094786955,0.0533,-154.593677133273
-0.382784413319602,-156.108874348127,0.05335,-156.010669489743
-0.386183264386549,-157.487819483128,0.0534,-157.389168547954
-0.389481472874994,-158.82618010174,0.05345,-158.728834183891
-0.39267865989585,-160.125289494685,0.0535,-160.029335855103
-0.395776375327014,-161.385043701327,0.05355,-161.290352682263
-0.398771539224668,-162.606992567583,0.0536,-162.511573528339
-0.401665778339098,-163.790157431012,0.05365,-163.692697075359
-0.404465335674654,-164.929692600948,0.0537,-164.833431898762
-0.407158137727102,-166.02990524863,0.05375,-165.9334965393
-0.409746180417045,-167.090758301227,0.0538,-166.992619572483
-0.412229747621833,-168.111638577833,0.05385,-168.01053967555
-0.414607452923292,-169.092207493344,0.0539,-168.987005691949
-0.416880248329775,-170.03078800121,0.05395,-169.9217766933
-0.419048561163056,-170.925640040652,0.054,-170.814622038845
-0.421109103854409,-171.777452870697,0.05405,-171.665321432357
-0.423068947009206,-172.582282474134,0.0541,-172.473664976489
-0.424918098175791,-173.344672970184,0.05415,-173.239453224566
-0.426658585967093,-174.065586139259,0.0542,-173.962497229798
-0.428287639017043,-174.747240098193,0.05425,-174.642618591895
-0.429807007037052,-175.388893447848,0.0543,-175.279649501089
-0.431217433207195,-175.988692932382,0.05435,-175.873432779533
-0.432518972275275,-176.544528041232,0.0544,-176.42382192009
-0.433711245169448,-177.054771068127,0.05445,-176.930681122474
-0.434793652870432,-177.518718392451,0.0545,-177.393885326763
-0.435767056668745,-177.935798625327,0.05455,-177.813320244248
-0.43662783918084,-178.308511745321,0.0546,-178.188882385641
-0.43737662064186,-178.638163675052,0.05465,-178.520479086602
-0.4380137419253,-178.92548293406,0.0547,-178.808028530609
-0.438539396507032,-179.170505681619,0.05475,-179.051459769137
-0.438953684554292,-179.372663606291,0.0548,-179.250712739172
-0.439256627393441,-179.531038322961,0.05485,-179.405738278025
-0.439448173645019,-179.644690029503,0.0549,-179.516498135463
-0.439526324470393,-179.714028385979,0.05495,-179.582964983149
-0.439493749515862,-179.737547394892,0.055,-179.605122421383
-0.439349907714714,-179.715112275972,0.05505,-179.582964983149
-0.439094463030415,-179.647202789339,0.0551,-179.516498135463
-0.4387272692314,-179.534645973933,0.05515,-179.405738278025
-0.43824835297572,-179.378289823638,0.0552,-179.250712739172
-0.43765788622423,-179.178723312152,0.05525,-179.051459769137
-0.436953712380621,-178.937509514572,0.0553,-178.808028530609
-0.436139157205794,-178.653119281893,0.05535,-178.520479086602
-0.435214543544895,-178.324394759179,0.0554,-178.188882385641
-0.434180070935554,-177.950444041855,0.05545,-177.813320244248
-0.433033248790707,-177.532415842468,0.0555,-177.393885326762
-0.43177701770891,-177.069414528133,0.05555,-176.930681122474
-0.430409102713085,-176.56292891327,0.0556,-176.42382192009
-0.428933927902762,-176.011476631756,0.05565,-175.873432779533
-0.427351227772469,-175.415235643168,0.0557,-175.279649501088
-0.425660585235441,-174.775161419523,0.05575,-174.642618591895
-0.423858951074529,-174.094147755859,0.0558,-173.962497229798
-0.421949686368883,-173.371912915333,0.05585,-173.239453224566
-0.419932188122353,-172.6088443584,0.0559,-172.473664976488
-0.417801968953874,-171.807415648416,0.05595,-171.665321432357
-0.41557165754503,-170.960860525609,0.056,-170.814622038845
-0.413235822867037,-170.069465214372,0.05605,-169.921776693299
-0.410797264126209,-169.132025283531,0.0561,-168.987005691949
-0.408250215004536,-168.152707717848,0.05615,-168.01053967555
-0.405604076923559,-167.129211239595,0.0562,-166.992619572483
-0.402853668035299,-166.065147105988,0.05625,-165.9334965393
-0.400001411262807,-164.961613987755,0.0563,-164.833431898762
-0.397044822592484,-163.821324189617,0.05635,-163.692697075359
-0.393983391264186,-162.645758431835,0.0564,-162.511573528338
-0.39082403755495,-161.43104572521,0.05645,-161.290352682263
-0.387569172080156,-160.173625319713,0.0565,-160.029335855103
-0.384211800518294,-158.875955186083,0.05655,-158.72883418389
-0.380761730534914,-157.534027023559,0.0566,-157.389168547954
-0.377216164828575,-156.149408218628,0.05665,-156.010669489743
-0.373568415555745,-154.728367305668,0.0567,-154.593677133272
-0.369829822982361,-153.268670838913,0.05675,-153.138541100205
-0.365996409420895,-151.773108624617,0.0568,-151.645620423582
-0.362071498519569,-150.241489953213,0.05685,-150.115283459241
-0.358049557126733,-148.677425834134,0.0569,-148.54790779493
-0.353939746842435,-147.077074718056,0.05695,-146.943880157141
-0.349740131596569,-145.440037951453,0.057,-145.303596315692
-0.345453570606516,-143.764606825184,0.05705,-143.627460986076
-0.341081527839769,-142.050137031617,0.0571,-141.915887729605
-0.336619782186979,-140.30025834827,0.05715,-140.16929885137
-0.332065189932848,-138.519879599614,0.0572,-138.388125296042
-0.327435259489555,-136.702142137827,0.05725,-136.572806541543
-0.322723181994697,-134.849282049408,0.0573,-134.723790490613
-0.317930761117296,-132.962086251782,0.05735,-132.841533360294
-0.31304833599615,-131.047938678845,0.0574,-130.92649956937
-0.308087685253369,-129.103878853101,0.05745,-128.979161623772
-0.303056464322381,-127.124760931147,0.0575,-127
-0.297948142673889,-125.112577919153,0.05755,-124.989503026569
-0.292760220311962,-123.07051347759,0.0576,-122.948166763525
-0.287498432884576,-120.997989179195,0.05765,-120.876494880045
-0.282162201377304,-118.896412904171,0.0577,-118.774998530167
-0.27676012117108,-116.762412872623,0.05775,-116.644196226671
-0.271281488849489,-114.602086472866,0.0578,-114.48461371314
-0.265739577603824,-112.411368000395,0.05785,-112.296783834245
-0.260127590050963,-110.194025988036,0.0579,-110.081246404272
-0.254448178056528,-107.951070185713,0.05795,-107.83854807393
-0.248703366707183,-105.682872238569,0.058,-105.569242195473
-0.242898281119089,-103.387429540345,0.05805,-103.273888686171
-0.237033744956456,-101.064373607117,0.0581,-100.953053890156
-0.231099392187673,-98.7207173400729,0.05815,-98.6073104386869
-0.225116558658527,-96.3481538054668,0.0582,-96.2372371088602
-0.219074921361916,-93.9508221031945,0.05825,-93.843418680805
-0.212971429165641,-91.5333861389401,0.0583,-91.4264457933995
-0.20681714190393,-89.0929387830217,0.05835,-88.9869147985378
-0.200613958086311,-86.6285145858596,0.0584,-86.5254276139893
-0.194360749393688,-84.1415340034669,0.05845,-84.0425915748854
-0.188049999890932,-81.6384202922741,0.0585,-81.5390192838662
-0.181695318625263,-79.1151924697369,0.05855,-79.0153284599331
-0.175295864473927,-76.571809466061,0.0586,-76.4721417860343
-0.168848231021471,-74.010960218048,0.05865,-73.9100867554271
-0.162356943485033,-71.4321778293683,0.0587,-71.3297955168539
-0.155831058648026,-68.8312768627077,0.05875,-68.7319047185669
-0.149257800165753,-66.2154225907349,0.0588,-66.1170553512482
-0.142648603483973,-63.5824352890411,0.05885,-63.4858925898524
-0.136006013708332,-60.931833714442,0.0589,-60.8390656344197
-0.12932501662014,-58.2678122148404,0.05895,-58.1772275498969
-0.122611117666438,-55.5903919903646,0.059,-55.5010351050001
-0.11586733923091,-52.8992720592227,0.05905,-52.8111486101709
-0.109088620759451,-50.1983477756509,0.0591,-50.1082317546524
-0.10228606250638,-47.483699859247,0.05915,-47.3929514427339
-0.0954566475582297,-44.7566047315585,0.0592,-44.6659776292036
-0.0885994421164717,-42.0192044219449,0.05925,-41.9279831540439
-0.0817242466244466,-39.2681973084176,0.0593,-39.1796435764229
-0.0748240307485482,-36.5080428782471,0.05935,-36.4216370080071
-0.0679026270483938,-33.7399428732883,0.0594,-33.6546439456487
-0.0609616235243209,-30.9651621964864,0.05945,-30.8793471034814
-0.0540114424111557,-28.1794479470897,0.0595,-28.0964312444739
-0.0470397673781342,-25.389571063292,0.05955,-25.3065830114727
-0.0400588203097101,-22.5924555198392,0.0596,-22.510490757784
-0.0330699064481088,-19.7877589012803,0.05965,-19.7088443773332
-0.0260630516052913,-16.9824720662621,0.0597,-16.9023351344414
-0.0190533638809818,-14.1720145231779,0.05975,-14.0916554932702
-0.0120329770683121,-11.3604256791204,0.0598,-11.277498946964
-0.00501199494933502,-8.54429136632416,0.05985,-8.4605598465415
0.0020076303327663,-5.72246769522867,0.0599,-5.64153322957558
0.00903661219932417,-2.90222050885354,0.05995,-2.8211146487007
0.0160590210316123,-0.0789978027424838,0.06,5.06113872238797e-13
