0,0,0,0
0.00872158263372362,-2.147242746819,5e-05,2.82111464870106
0.0136059071263054,-3.54838571729186,0.0001,5.6415332295758
0.0180522462699409,-3.41074100966263,0.00015,8.46055984654222
0.0237357183856658,-1.86135117362768,0.0002,11.2774989469646
0.0309750039345445,0.693747586597737,0.00025,14.0916554932706
0.039387398342351,3.89163355810024,0.0003,16.9023351344416
0.0484430191359971,7.47253310398397,0.00035,19.7088443773333
0.057691959870739,11.2655809931437,0.0004,22.5104907577847
0.0668222073450465,15.1569678091374,0.00045,25.3065830114732
0.0756818375842153,19.0441932536295,0.0005,28.0964312444742
0.0841859359753776,22.8509216436779,0.00055,30.8793471034816
0.0923293675605572,26.5107947827323,0.0006,33.6546439456488
0.100119348844129,29.991719872893,0.00065,36.4216370080076
0.107614209296337,33.2745006443984,0.0007,39.1796435764233
0.114859777832718,36.3734361587079,0.00075,41.9279831540442
0.121923113072014,39.3150416346935,0.0008,44.6659776292037
0.128879635368127,42.128777808646,0.00085,47.3929514427345
0.135765706316763,44.8628605899205,0.0009,50.1082317546528
0.142631349228399,47.5544860744205,0.00095,52.8111486101713
0.149520298480415,50.2267650757644,0.001,55.5010351050003
0.156425972544259,52.9116576398988,0.00105,58.177227549897
0.16336143548104,55.620017335659,0.0011,60.8390656344203
0.170320093689456,58.3552653459389,0.00115,63.4858925898527
0.177276689876369,61.1203191320883,0.0012,66.1170553512485
0.1842179220496,63.9064107482107,0.00125,68.731904718567
0.191117483607009,66.7059669395326,0.0013,71.3297955168538
0.197945479143033,69.5140583192076,0.00135,73.9100867554275
0.204690150211978,72.3181023450302,0.0014,76.4721417860346
0.211355638602845,75.0960232359109,0.00145,79.0153284599333
0.217918905779452,77.8417022281516,0.0015,81.5390192838662
0.224380722763764,80.546506971793,0.00155,84.0425915748853
0.23074942294757,83.2016348251652,0.0016,86.5254276139897
0.237018680930994,85.8102841979626,0.00165,88.986914798538
0.243197605155611,88.374022220262,0.0017,91.4264457933996
0.24930008739733,90.8923912497133,0.00175,93.8434186808049
0.255322814856331,93.3739351617359,0.0018,96.23723710886
0.261274132712526,95.8231103131187,0.00185,98.6073104386872
0.267164398894856,98.2402535223318,0.0019,100.953053890156
0.272986574535077,100.632196761417,0.00195,103.273888686171
0.278743372350663,103.000937225095,0.002,105.569242195473
0.284434571963196,105.346811820574,0.00205,107.83854807393
0.290064084093673,107.665619134368,0.0021,110.081246404272
0.295617823839139,109.961191990013,0.00215,112.296783834245
0.301095631734926,112.232195769097,0.0022,114.48461371314
0.306500998477189,114.473211196996,0.00225,116.644196226671
0.311822182464425,116.685953550583,0.0023,118.774998530168
0.317059090573142,118.8685708466,0.00235,120.876494880046
0.322210744308887,121.018911524353,0.0024,122.948166763526
0.327281423210835,123.131917011338,0.00245,124.98950302657
0.332260188465048,125.210888852265,0.0025,127
0.33714914570675,127.255424280297,0.00255,128.979161623772
0.341949236391951,129.26471022816,0.0026,130.92649956937
0.346666083458025,131.234855901544,0.00265,132.841533360295
0.35128967022866,133.170008992189,0.0027,134.723790490613
0.355822425039527,135.07037053938,0.00275,136.572806541544
0.360265232239922,136.935466442396,0.0028,138.388125296042
0.364622859330478,138.761806374951,0.00285,140.169298851371
0.368885844319301,140.552935655932,0.0029,141.915887729605
0.373055674046334,142.308831667545,0.00295,143.627460986076
0.377132563824084,144.028786515268,0.003,145.303596315692
0.381115780445136,145.711929819591,0.00305,146.943880157141
0.385009516572101,147.354438713246,0.0031,148.547907794931
0.388803335309746,148.96008194157,0.00315,150.115283459241
0.392499053844233,150.528678651658,0.0032,151.645620423582
0.396097134021097,152.059347835462,0.00325,153.138541100205
0.399597033806103,153.551112868982,0.0033,154.593677133273
0.402997792609931,155.003182443457,0.00335,156.010669489743
0.406304485108713,156.411566300026,0.0034,157.389168547954
0.409505505393351,157.781071486261,0.00345,158.728834183891
0.41260384361334,159.111653626447,0.0035,160.029335855103
0.415600582588898,160.402458848855,0.00355,161.290352682263
0.418495459747493,161.652554997455,0.0036,162.511573528339
0.421287646329116,162.86124105851,0.00365,163.692697075359
0.423981692693644,164.02499559212,0.0037,164.833431898762
0.426567150955098,165.148236005346,0.00375,165.9334965393
0.429046771009823,166.230980283167,0.0038,166.992619572483
0.431421572406645,167.272497516826,0.00385,168.01053967555
0.433691352501192,168.27196951412,0.0039,168.987005691949
0.435855393547566,169.228774595988,0.00395,169.921776693299
0.437912942337618,170.142525431951,0.004,170.814622038845
0.439863409494738,171.013004534918,0.00405,171.665321432357
0.44170638518559,171.840087124168,0.0041,172.473664976489
0.443447175176782,172.620499492579,0.00415,173.239453224566
0.445075089610611,173.359198483144,0.0042,173.962497229798
0.446593667017179,174.056111758037,0.00425,174.642618591895
0.448004206680015,174.710376569461,0.0043,175.279649501089
0.449306571005003,175.321106227551,0.00435,175.873432779533
0.450500085491605,175.887686130312,0.0044,176.42382192009
0.451584097838222,176.409787854608,0.00445,176.930681122474
0.452558185056446,176.887278435385,0.0045,177.393885326762
0.453422148527316,177.320126604675,0.00455,177.813320244248
0.454175932051626,177.708341386019,0.0046,178.188882385641
0.454819541727076,178.051942093787,0.00465,178.520479086602
0.455352995469156,178.35094730997,0.0047,178.808028530609
0.455776301312916,178.605371876425,0.00475,179.051459769137
0.456089454044559,178.815226020888,0.0048,179.250712739172
0.456292440392708,178.980514814946,0.00485,179.405738278025
0.456385246825796,179.101238123871,0.0049,179.516498135463
0.456367867325667,179.1773915811,0.00495,179.582964983149
0.456240310342004,179.208968775551,0.005,179.605122421383
0.45600260479101,179.195964401787,0.00505,179.582964983149
0.455654805039252,179.138377867977,0.0051,179.516498135463
0.455196994757486,179.036216818995,0.00515,179.405738278025
0.4546292895322,178.889500141735,0.0052,179.250712739172
0.453951838212319,178.698260190225,0.00525,179.051459769137
0.45316482309839,178.462544137519,0.0053,178.808028530609
0.452268459194919,178.182414497393,0.00535,178.520479086602
0.451262992816865,177.857948951012,0.0054,178.188882385641
0.450148699856861,177.489239663763,0.00545,177.813320244248
0.448925883992324,177.076392291882,0.0055,177.393885326762
0.447594875052751,176.619524866205,0.00555,176.930681122474
0.446156027696404,176.118766709639,0.0056,176.42382192009
0.44460972047299,175.574257503647,0.00565,175.873432779533
0.442956355284792,174.986146574506,0.0057,175.279649501089
0.441196357207517,174.354592427873,0.00575,174.642618591895
0.439330174600151,173.679762524503,0.0058,173.962497229798
0.437353629775764,172.964481987087,0.00585,173.239453224566
0.435277213402237,172.204009918477,0.0059,172.473664976489
0.433096951657561,171.399101561528,0.00595,171.665321432357
0.430811881413504,170.551070491769,0.006,170.814622038845
0.428422648361966,169.660990300181,0.00605,169.921776693299
0.42593035819273,168.729494379156,0.0061,168.987005691949
0.423335996754261,167.756869667879,0.00615,168.01053967555
0.420640292611346,166.743221533182,0.0062,166.992619572483
0.417843795594635,165.68860423943,0.00625,165.9334965393
0.414942883446173,164.595440225867,0.0063,164.833431898762
0.411947289865459,163.45929638906,0.00635,163.692697075359
0.408853286142971,162.281003820755,0.0064,162.511573528339
0.405660189083257,161.061897116179,0.00645,161.290352682263
0.402368904913153,159.803059005618,0.0065,160.029335855103
0.39898078337886,158.505150692812,0.00655,158.72883418389
0.395492475872217,157.17112642756,0.0066,157.389168547954
0.391915254786099,155.796074952589,0.00665,156.010669489743
0.388245012399715,154.380923304339,0.0067,154.593677133273
0.38448094983179,152.927124641977,0.00675,153.138541100205
0.380624005991336,151.435838478655,0.0068,151.645620423582
0.376675615832177,149.907752755065,0.00685,150.115283459241
0.372633265727451,148.345392717555,0.0069,148.54790779493
0.368504997017766,146.745600440329,0.00695,146.943880157141
0.364292757184401,145.10650274535,0.007,145.303596315692
0.359991211324491,143.431171419378,0.00705,143.627460986076
0.355597254678976,141.723764127421,0.0071,141.915887729605
0.351124134126657,139.97935174023,0.00715,140.169298851371
0.346567997404975,138.199075842895,0.0072,138.388125296042
0.341928328566958,136.38447169262,0.00725,136.572806541544
0.337206286363383,134.536704934965,0.0073,134.723790490613
0.332399323328737,132.658807512229,0.00735,132.841533360295
0.327518445418519,130.746360003897,0.0074,130.92649956937
0.322560131917584,128.800373745,0.00745,128.979161623772
0.317524008429494,126.822273340102,0.0075,127
0.312407012054031,124.815628363907,0.00755,124.98950302657
0.307220682739597,122.776225434983,0.0076,122.948166763526
0.301961727438254,120.705291865019,0.00765,120.876494880046
0.296630017483253,118.604364031882,0.0077,118.774998530168
0.291222837843407,116.476953532404,0.00775,116.644196226671
0.285751419019036,114.319057190551,0.0078,114.48461371314
0.280212699028745,112.131876532206,0.00785,112.296783834245
0.274606638908651,109.916899803301,0.0079,110.081246404272
0.268930964545916,107.677368374778,0.00795,107.83854807393
0.263195990403332,105.409731999488,0.008,105.569242195473
0.257399118925029,103.115141628702,0.00805,103.273888686171
0.251536057094469,100.797531655073,0.0081,100.953053890156
0.245618308427105,98.4530069392054,0.00815,98.6073104386871
0.239642805856597,96.0830480671613,0.0082,96.2372371088599
0.233604751244435,93.6921672728863,0.00825,93.8434186808049
0.227516890172254,91.2760998092611,0.0083,91.4264457933996
0.221375876704251,88.8363962775593,0.00835,88.986914798538
0.215181815589467,86.3748048264245,0.0084,86.5254276139896
0.208932242625789,83.8949505490132,0.00845,84.0425915748853
0.202638364274602,81.393006645649,0.0085,81.5390192838661
0.19629755102342,78.8700700927922,0.00855,79.0153284599332
0.189905516847126,76.3300710099862,0.0086,76.4721417860346
0.18347352970682,73.7693129737294,0.00865,73.9100867554275
0.176772428431793,71.3182313157492,0.0087,71.3297955168538
0.169827249067037,69.0017776318371,0.00875,68.731904718567
0.163312968154166,66.4165470137995,0.0088,66.1170553512484
0.156797718311161,63.6406495262181,0.00885,63.4858925898527
0.150153690939433,60.7953919329229,0.0089,60.8390656344202
0.14341737241676,57.961722738479,0.00895,58.177227549897
0.136643019610645,55.1794494441297,0.009,55.5010351050002
0.12986485033646,52.455539785746,0.00905,52.8111486101712
0.123107372756316,49.7684444891309,0.0091,50.1082317546528
0.116344590952011,47.104956088035,0.00915,47.3929514427345
0.109560289821285,44.4488865455808,0.0092,44.6659776292037
0.10274845519551,41.7818119653438,0.00925,41.9279831540441
0.0958872948819618,39.0993856900349,0.0093,39.1796435764233
0.0889754196228729,36.3967047296128,0.00935,36.4216370080076
0.0820226474278911,33.6669780803903,0.0094,33.6546439456488
0.075024540242751,30.9139881083637,0.00945,30.8793471034816
0.0679910680670446,28.1394033192437,0.0095,28.0964312444743
0.0609346191353772,25.343878124862,0.00955,25.3065830114732
0.0538591981351537,22.5324967538083,0.0096,22.5104907577846
0.0467696397242037,19.711193030548,0.00965,19.7088443773333
0.0396739368286063,16.8835382487146,0.0097,16.9023351344416
0.0325725510003565,14.0550698050565,0.00975,14.0916554932706
0.0254775761216948,11.2237854405018,0.0098,11.2774989469646
0.0183888992884782,8.39075851361573,0.00985,8.46055984654211
0.0112973367855851,5.56279127469082,0.0099,5.64153322957579
0.00421739857850056,2.73488788456048,0.00995,2.82111464870107
-0.00286176488364731,-0.0882694400263638,0.01,2.19952838283815e-14
-0.00994011859288335,-2.90511776745354,0.01005,-2.82111464870102
-0.0170066539065843,-5.72157668691208,0.0101,-5.64153322957591
-0.0240691358994596,-8.53569751212431,0.01015,-8.46055984654231
-0.0311313562360684,-11.344401594275,0.0102,-11.2774989469646
-0.038181368286228,-14.1526549905496,0.01025,-14.0916554932707
-0.0452213367011538,-16.9601745911941,0.0103,-16.9023351344417
-0.0522563657858157,-19.7626161604127,0.01035,-19.7088443773333
-0.0592735736843899,-22.5638836097064,0.0104,-22.5104907577847
-0.0662775402121625,-25.3608218223668,0.01045,-25.3065830114733
-0.0732701508854348,-28.1492251504325,0.0105,-28.0964312444743
-0.0802369233547076,-30.933877348582,0.01055,-30.8793471034816
-0.0871918784287509,-33.7068756016393,0.0106,-33.6546439456488
-0.0941151088168795,-36.4753694842063,0.01065,-36.4216370080076
-0.101010849138653,-39.2380294210425,0.0107,-39.1796435764234
-0.107888691657619,-41.9872182457996,0.01075,-41.9279831540443
-0.11473432343481,-44.7263260841525,0.0108,-44.6659776292037
-0.121547811361403,-47.4550622196859,0.01085,-47.3929514427346
-0.12833252325096,-50.1702965297202,0.0109,-50.1082317546528
-0.135085260307438,-52.8714315388963,0.01095,-52.8111486101712
-0.141796197752565,-55.5627671472422,0.011,-55.5010351050003
-0.148479393775443,-58.2367357644143,0.01105,-58.177227549897
-0.155120327172213,-60.8976446264641,0.0111,-60.8390656344203
-0.161720188383325,-63.5450750628956,0.01115,-63.4858925898527
-0.168286106431748,-66.1736136131522,0.0112,-66.1170553512485
-0.174802976328626,-68.788530307332,0.01125,-68.7319047185671
-0.181499171592395,-71.2603393357714,0.0113,-71.3297955168539
-0.187969649825389,-73.7807443272901,0.01135,-73.9100867554275
-0.194283374395319,-76.3916438107623,0.0114,-76.4721417860346
-0.200552952896534,-79.0445759965712,0.01145,-79.0153284599333
-0.206800136113375,-81.6847255391279,0.0115,-81.5390192838662
-0.212992903552844,-84.2828498682644,0.01155,-84.0425915748854
-0.219110079955625,-86.8251497504853,0.0116,-86.5254276139897
-0.225141549858513,-89.3106568647169,0.01165,-88.986914798538
-0.231095241737441,-91.7414342480792,0.0117,-91.4264457933996
-0.236968232689596,-94.1308268994637,0.01175,-93.8434186808049
-0.242774185471486,-96.4869822689795,0.0118,-96.23723710886
-0.248529130935085,-98.8125399537463,0.01185,-98.6073104386873
-0.254228262029935,-101.116795699508,0.0119,-100.953053890157
-0.259876572518809,-103.403038441331,0.01195,-103.273888686171
-0.265474480295702,-105.672419990141,0.012,-105.569242195473
-0.271026034933865,-107.920878424824,0.01205,-107.83854807393
-0.276515254244112,-110.152788219563,0.0121,-110.081246404272
-0.281941002295366,-112.366638245524,0.01215,-112.296783834245
-0.28730610140695,-114.556178367965,0.0122,-114.48461371314
-0.292596383979467,-116.722962489873,0.01225,-116.644196226671
-0.29781085886825,-118.864397545223,0.0123,-118.774998530168
-0.30294755949047,-120.97755582155,0.01235,-120.876494880046
-0.308010471587016,-123.056345825628,0.0124,-122.948166763526
-0.31298697040768,-125.103984992792,0.01245,-124.98950302657
-0.317879027705191,-127.119695770562,0.0125,-127
-0.322689441915941,-129.101241004151,0.01255,-128.979161623772
-0.327417884074126,-131.047562045561,0.0126,-130.92649956937
-0.332059878162397,-132.960674307263,0.01265,-132.841533360295
-0.336616721742493,-134.840605000752,0.0127,-134.723790490613
-0.341088686313766,-136.687057185223,0.01275,-136.572806541544
-0.345481092901686,-138.496375829205,0.0128,-138.388125296043
-0.349783202203605,-140.272910910745,0.01285,-140.169298851371
-0.353996902406518,-142.016782061034,0.0129,-141.915887729605
-0.358122471000083,-143.727254432964,0.01295,-143.627460986076
-0.362158981511225,-145.403360434884,0.013,-145.303596315692
-0.366111154920901,-147.04067274915,0.01305,-146.943880157141
-0.369966790666545,-148.643493783645,0.0131,-148.547907794931
-0.373727791365475,-150.211564042974,0.01315,-150.115283459241
-0.377394488118085,-151.743819659041,0.0132,-151.645620423582
-0.380966072737671,-153.239085895593,0.01325,-153.138541100205
-0.384447117676711,-154.693073324372,0.0133,-154.593677133273
-0.387826340996934,-156.10984883188,0.01335,-156.010669489743
-0.391105805052739,-157.489287205159,0.0134,-157.389168547954
-0.394286140933261,-158.830557995185,0.01345,-158.728834183891
-0.397366903681959,-160.132745367667,0.0135,-160.029335855103
-0.400347176000587,-161.395129410393,0.01355,-161.290352682263
-0.403231650070879,-162.61401389766,0.0136,-162.511573528339
-0.406009716060808,-163.793752843002,0.01365,-163.692697075359
-0.408683804743809,-164.934442143584,0.0137,-164.833431898762
-0.411254780653433,-166.035396117571,0.01375,-165.9334965393
-0.413722328465781,-167.095788807475,0.0138,-166.992619572483
-0.416085597651232,-168.114950802747,0.01385,-168.01053967555
-0.418343670130607,-169.092426485443,0.0139,-168.987005691949
-0.420495771861791,-170.027923541327,0.01395,-169.921776693299
-0.422547030526005,-170.917981254989,0.014,-170.814622038845
-0.424486765907915,-171.767314035128,0.01405,-171.665321432357
-0.426317955798776,-172.575970181883,0.0141,-172.473664976489
-0.428041700952097,-173.343174735828,0.01415,-173.239453224566
-0.429657788052445,-174.068049566831,0.0142,-173.962497229798
-0.431165458425063,-174.749927147945,0.01425,-174.642618591895
-0.432563930540102,-175.388396981171,0.0143,-175.279649501089
-0.433852618836205,-175.983238833861,0.01435,-175.873432779533
-0.435031151820844,-176.534340394959,0.0144,-176.42382192009
-0.436099306847929,-177.041638626294,0.01445,-176.930681122474
-0.437056936977758,-177.505088707811,0.0145,-177.393885326762
-0.437903920638011,-177.924651209739,0.01455,-177.813320244248
-0.438640137063146,-178.30028768392,0.0146,-178.188882385641
-0.439265459625162,-178.631958852581,0.01465,-178.520479086602
-0.439779758373859,-178.919623317565,0.0147,-178.808028530609
-0.440182906013703,-179.163236741666,0.01475,-179.051459769137
-0.440480409076557,-179.359547892257,0.0148,-179.250712739172
-0.440661502449373,-179.513654190498,0.01485,-179.405738278025
-0.440730036987325,-179.625451527947,0.0149,-179.516498135463
-0.440687527829688,-179.694055448132,0.01495,-179.582964983149
-0.440534038827678,-179.718598704926,0.015,-179.605122421383
-0.440269126860116,-179.698531798271,0.01505,-179.582964983149
-0.439892414809023,-179.633628155779,0.0151,-179.516498135463
-0.439398283924625,-179.527019573635,0.01515,-179.405738278025
-0.43879761981227,-179.373602645259,0.0152,-179.250712739172
-0.438086568775006,-179.173707157799,0.01525,-179.051459769137
-0.437263898798605,-178.928425170566,0.0153,-178.808028530609
-0.43632992562339,-178.638781476571,0.01535,-178.520479086602
-0.435285478344504,-178.305445138903,0.0154,-178.188882385641
-0.434131308593919,-177.928746558348,0.01545,-177.813320244248
-0.432867904538163,-177.508798228948,0.0155,-177.393885326762
-0.431495532204465,-177.045609397976,0.01555,-176.930681122474
-0.430014349365713,-176.539159825801,0.0156,-176.42382192009
-0.428424506858676,-175.989436779514,0.01565,-175.873432779533
-0.426726210282361,-175.396450420315,0.0157,-175.279649501088
-0.424919746001422,-174.760239985264,0.01575,-174.642618591895
-0.423005484780525,-174.080877048758,0.0158,-173.962497229798
-0.420983874743946,-173.35846758352,0.01585,-173.239453224566
-0.418855430677525,-172.593152523844,0.0159,-172.473664976489
-0.416615613821207,-171.788016739371,0.01595,-171.665321432357
-0.414275632057013,-170.938073539456,0.016,-170.814622038845
-0.411831650643933,-170.043974732946,0.01605,-169.921776693299
-0.409282752625074,-169.107048747286,0.0161,-168.987005691949
-0.406629659164338,-168.128457364205,0.01615,-168.01053967555
-0.403873599818986,-167.108944358102,0.0162,-166.992619572483
-0.401015705693602,-166.048896437423,0.01625,-165.9334965393
-0.3980568414636,-164.948495011814,0.0163,-164.833431898762
-0.394992835093106,-163.810598689344,0.01635,-163.692697075359
-0.391834561193633,-162.630247547885,0.0164,-162.511573528339
-0.388578093786258,-161.408098764494,0.01645,-161.290352682263
-0.385222547894351,-160.145454611212,0.0165,-160.029335855103
-0.381768740889044,-158.843434460218,0.01655,-158.72883418389
-0.378218037524533,-157.502746945815,0.0166,-157.389168547954
-0.37456682969637,-156.126564946674,0.01665,-156.010669489743
-0.370826777493491,-154.709869254088,0.0167,-154.593677133273
-0.366994025819203,-153.253410072382,0.01675,-153.138541100205
-0.363067799388361,-151.758565183334,0.0168,-151.645620423582
-0.359049036040332,-150.226507948894,0.01685,-150.115283459241
-0.354934027160859,-148.66094226273,0.0169,-148.54790779493
-0.350735437940244,-147.056722130166,0.01695,-146.943880157141
-0.346449367160027,-145.414728636185,0.017,-145.303596315692
-0.342075112852662,-143.736429258536,0.01705,-143.627460986076
-0.337613716267612,-142.023039391291,0.0171,-141.915887729605
-0.333061989721607,-140.278029778898,0.01715,-140.169298851371
-0.328431875373681,-138.496638431106,0.0172,-138.388125296042
-0.323719829881767,-136.679748333291,0.01725,-136.572806541544
-0.318925347764129,-134.828775525502,0.0173,-134.723790490613
-0.314044407219519,-132.947833159444,0.01735,-132.841533360295
-0.309089928167538,-131.032096496529,0.0174,-130.92649956937
-0.304058326537337,-129.082678925168,0.01745,-128.979161623772
-0.298949240720837,-127.101154097077,0.0175,-127
-0.293758801168551,-125.091718424224,0.01755,-124.98950302657
-0.288500068836193,-123.049557592242,0.0176,-122.948166763526
-0.283169508330552,-120.975787438061,0.01765,-120.876494880046
-0.277766793057125,-118.871976503745,0.0177,-118.774998530168
-0.272288372114986,-116.742154600192,0.01775,-116.644196226671
-0.26674674937459,-114.581801938534,0.0178,-114.48461371314
-0.261138690476876,-112.392020281519,0.01785,-112.296783834245
-0.255464019580437,-110.174332892196,0.0179,-110.081246404272
-0.249719745257288,-107.932460107319,0.01795,-107.83854807393
-0.243917382829835,-105.662389533875,0.018,-105.569242195473
-0.238054196212993,-103.36520135062,0.01805,-103.273888686171
-0.23212732289857,-101.044007599063,0.0181,-100.953053890156
-0.226142244723683,-98.6981806813184,0.01815,-98.6073104386872
-0.220102935337039,-96.3264150283624,0.0182,-96.23723710886
-0.214007971159255,-93.9301992533732,0.01825,-93.8434186808048
-0.207853969276467,-91.5134360459105,0.0183,-91.4264457933996
-0.201652022507368,-89.0726026374383,0.01835,-88.9869147985379
-0.195399806894837,-86.6089265162246,0.0184,-86.5254276139897
-0.189093050550238,-84.1265117764671,0.01845,-84.0425915748852
-0.182743226567581,-81.6216630850496,0.0185,-81.5390192838661
-0.176347808005357,-79.0957044586619,0.01855,-79.0153284599332
-0.169892453537155,-76.5585727440219,0.0186,-76.4721417860346
-0.163389864113775,-74.0076410852867,0.01865,-73.9100867554274
-0.156834418962372,-71.4451222429046,0.0187,-71.3297955168538
-0.150223787569715,-68.8720671498409,0.01875,-68.731904718567
-0.143573054808599,-66.2789611257321,0.0188,-66.1170553512485
-0.136878758235358,-63.6634347320436,0.01885,-63.4858925898526
-0.130130458351715,-61.0311664429343,0.0189,-60.8390656344203
-0.123350086789394,-58.373819562672,0.01895,-58.1772275498968
-0.11652985185329,-55.6957483249555,0.019,-55.5010351050003
-0.109670386722083,-53.0016772070834,0.01905,-52.8111486101711
-0.102787141488015,-50.2884595038122,0.0191,-50.1082317546527
-0.0958745967073611,-47.5616236500394,0.01915,-47.3929514427345
-0.0889344625038753,-44.8253243319726,0.0192,-44.6659776292036
-0.0819834466924831,-42.0741617938842,0.01925,-41.9279831540442
-0.0750092526727855,-39.3151769419519,0.0193,-39.1796435764233
-0.0680165513046482,-36.5499831606231,0.01935,-36.4216370080074
-0.0610132491730653,-33.7761200176519,0.0194,-33.6546439456488
-0.0539964274695279,-30.9951790610585,0.01945,-30.8793471034815
-0.0469640566221408,-28.2097261793272,0.0195,-28.0964312444743
-0.0399203332006053,-25.4192116312061,0.01955,-25.3065830114731
-0.0328627140937066,-22.6255739810277,0.0196,-22.5104907577847
-0.0258011193891257,-19.8243311871459,0.01965,-19.7088443773333
-0.0187351365634036,-17.0148320490469,0.0197,-16.9023351344414
-0.0116543658910935,-14.2041575761194,0.01975,-14.0916554932706
-0.00457248851291325,-11.3889123607232,0.0198,-11.2774989469646
0.00251137975278937,-8.5700091024691,0.01985,-8.46055984654221
0.00960060157446918,-5.75107982473133,0.0199,-5.64153322957581
0.0166857533064864,-2.92957721900044,0.01995,-2.82111464870093
0.0237650328785328,-0.104950627959029,0.02,-4.39905676567631e-14
0.0308446900667398,2.7179030199755,0.02005,2.82111464870116
0.0379190925424613,5.53865031648238,0.0201,5.64153322957573
0.0449817550736729,8.35937191228575,0.02015,8.46055984654229
0.0520388238859208,11.1761095709139,0.0202,11.2774989469648
0.0590783010051368,13.9930057641053,0.02025,14.0916554932706
0.0661068491010255,16.8062468482334,0.0203,16.9023351344418
0.0731262570137456,19.6118260205186,0.02035,19.7088443773333
0.0801218993874286,22.4150934045111,0.0204,22.5104907577848
0.087107548575025,25.2089278600143,0.02045,25.3065830114732
0.0940699829413241,27.9972569458221,0.0205,28.0964312444743
0.101005313307242,30.782560730729,0.02055,30.8793471034817
0.107925932241965,33.5573845202153,0.0206,33.6546439456488
0.114818873128408,36.3247044872823,0.02065,36.4216370080077
0.121683490478286,39.0843466533754,0.0207,39.1796435764234
0.128522724902846,41.8332186952758,0.02075,41.9279831540442
0.135334085136368,44.570072998139,0.0208,44.6659776292039
0.142106959064015,47.2991797402561,0.02085,47.3929514427345
0.148857883127507,50.0113801574839,0.0209,50.108231754653
0.155564356704223,52.714985631042,0.02095,52.8111486101712
0.16223554694314,55.4064813923607,0.021,55.5010351050004
0.1688755550062,58.0809506598083,0.02105,58.177227549897
0.175471927328842,60.7421030097285,0.0211,60.8390656344203
0.182023079789814,63.3909937539186,0.02115,63.4858925898528
0.188529869181446,66.0262561632082,0.0212,66.1170553512485
0.19497648917567,68.6545060772405,0.02125,68.7319047185671
0.201365623281761,71.2739038902477,0.0213,71.3297955168538
0.207703706412456,73.8764336912848,0.02135,73.9100867554275
0.213980220766354,76.4610793199098,0.0214,76.4721417860348
0.220196022251796,79.0237552791814,0.02145,79.0153284599332
0.226355868761342,81.5583504054797,0.0215,81.5390192838663
0.232450494524033,84.0672491793393,0.02155,84.0425915748853
0.238482663517348,86.5502633009483,0.0216,86.5254276139897
0.244454226378445,89.0073854505559,0.02165,88.9869147985382
0.250372273611381,91.4355097310227,0.0217,91.4264457933996
0.256226618516824,93.8403165285107,0.02175,93.8434186808051
0.262020702580309,96.2227627948333,0.0218,96.23723710886
0.26776117103302,98.5796723615653,0.02185,98.6073104386873
0.27343783877345,100.915153689505,0.0219,100.953053890156
0.279052031546211,103.228986191389,0.02195,103.273888686171
0.28460309893602,105.520078071137,0.022,105.569242195473
0.290095374705459,107.783553423447,0.02205,107.83854807393
0.295515611256,110.023321912571,0.0221,110.081246404272
0.300865009377697,112.238529616195,0.02215,112.296783834245
0.306148372158349,114.424566336378,0.0222,114.48461371314
0.31135526320781,116.584004067583,0.02225,116.644196226671
0.316486499100819,118.715859056693,0.0223,118.774998530168
0.321541662370201,120.81872733482,0.02235,120.876494880046
0.326525039105038,122.88821489608,0.0224,122.948166763526
0.331425937169554,124.927768505446,0.02245,124.98950302657
0.336245937289037,126.937083881458,0.0225,127
0.340985348042594,128.915278176018,0.02255,128.979161623772
0.345648805972267,130.858412881634,0.0226,130.92649956937
0.350226190963353,132.770024547331,0.02265,132.841533360295
0.354719046278841,134.649946180713,0.0227,134.723790490613
0.359127591374804,136.49737008797,0.02275,136.572806541544
0.363451056909099,138.311383026032,0.0228,138.388125296042
0.367694341017582,140.08772727786,0.02285,140.169298851371
0.371845428977547,141.830920245353,0.0229,141.915887729605
0.375906616488315,143.540772361897,0.02295,143.627460986076
0.379878436590232,145.216278836511,0.023,145.303596315692
0.38376016243862,146.85632640323,0.02305,146.943880157141
0.387556806310883,148.456437794036,0.0231,148.547907794931
0.391255937470898,150.021283380681,0.02315,150.115283459241
0.394860134570756,151.550634638312,0.0232,151.645620423582
0.398370123863732,153.043471540822,0.02325,153.138541100205
0.401785338171436,154.498709747123,0.0233,154.593677133273
0.405110278025901,155.912323074536,0.02335,156.010669489743
0.408333928671542,157.28847563188,0.0234,157.389168547954
0.411458591920006,158.627041127944,0.02345,158.728834183891
0.41448498206492,159.927189695741,0.0235,160.029335855103
0.417412676062284,161.188018810302,0.02355,161.290352682263
0.420240770214985,162.408825787557,0.0236,162.511573528339
0.422972440432684,163.586802157019,0.02365,163.692697075359
0.425600970844695,164.724356490195,0.0237,164.833431898762
0.428125569200741,165.822680538385,0.02375,165.9334965393
0.43054771025686,166.881168765386,0.0238,166.992619572483
0.43286742945098,167.898945774281,0.02385,168.01053967555
0.435084025913774,168.875268853554,0.0239,168.987005691949
0.437196635002444,169.809633753379,0.02395,169.921776693299
0.439204515596153,170.701733622492,0.024,170.814622038845
0.441107115903744,171.551380833521,0.02405,171.665321432357
0.442909386167493,172.355392838546,0.0241,172.473664976489
0.444601056990987,173.118437720733,0.02415,173.239453224566
0.446185359746856,173.840439297118,0.0242,173.962497229798
0.447663445302386,174.520561545399,0.02425,174.642618591895
0.449035110667761,175.15793323685,0.0243,175.279649501089
0.450299638120828,175.751933125987,0.02435,175.873432779533
0.451456323874133,176.302208315204,0.0244,176.42382192009
0.452504678066582,176.808591477933,0.02445,176.930681122474
0.45344442405014,177.271013386003,0.0245,177.393885326762
0.454275423236602,177.689445008826,0.02455,177.813320244248
0.454997600183887,178.063868950076,0.0246,178.188882385641
0.455610894842991,178.394268816743,0.02465,178.520479086602
0.456115241688977,178.680626253167,0.0247,178.808028530609
0.456510566152893,178.922920056634,0.02475,179.051459769137
0.456796789222487,179.12112562283,0.0248,179.250712739172
0.456973834587224,179.27521484104,0.02485,179.405738278025
0.457041635816125,179.385156935551,0.0249,179.516498135463
0.457000142796481,179.450920439441,0.02495,179.582964983149
0.456849327294954,179.472476078329,0.025,179.605122421383
0.456589187584527,179.449800098421,0.02505,179.582964983149
0.456219752029533,179.382877533031,0.0251,179.516498135463
0.455741081520955,179.271705000627,0.02515,179.405738278025
0.45515327073722,179.116292784884,0.0252,179.250712739172
0.454456448325139,178.91666610517,0.02525,179.051459769137
0.453650776202792,178.672865613643,0.0253,178.808028530609
0.452736448253255,178.384947241857,0.02535,178.520479086602
0.451713688694177,178.052981567681,0.0254,178.188882385641
0.450582750383411,177.677052887827,0.02545,177.813320244248
0.449343913267434,177.257258170719,0.0255,177.393885326762
0.447997483114065,176.793706036234,0.02555,176.930681122474
0.446543790602654,176.286515870751,0.0256,176.42382192009
0.444983190784711,175.735817144924,0.02565,175.873432779533
0.443316062881607,175.141748961839,0.0257,175.279649501088
0.441542810352821,174.504459830082,0.02575,174.642618591895
0.439663861152894,173.824107631167,0.0258,173.962497229798
0.437674886695149,173.103583516027,0.02585,173.239453224566
0.435586636010271,172.338002536582,0.0259,172.473664976488
0.433394997395311,171.52812562809,0.02595,171.665321432357
0.431098950599015,170.675288272111,0.026,170.814622038845
0.42869912795657,169.780580471416,0.02605,169.921776693299
0.426196634699025,168.844640761872,0.0261,168.987005691949
0.423592453223222,167.867752134373,0.02615,168.01053967555
0.420887301610698,166.850011110815,0.0262,166.992619572483
0.418081714038081,165.791461580305,0.02625,165.9334965393
0.415171961681736,164.694566656055,0.0263,164.833431898762
0.412167948490719,163.554792310339,0.02635,163.692697075359
0.409065848073894,162.372971270308,0.0264,162.511573528339
0.405864936069648,161.150451327195,0.02645,161.290352682263
0.402566108519082,159.888325130863,0.0265,160.029335855103
0.399170714580798,158.587256579971,0.02655,158.728834183891
0.395675335657366,157.250235524257,0.0266,157.389168547954
0.392091380796352,155.872274265902,0.02665,156.010669489743
0.388414668850032,154.45430042051,0.0267,154.593677133273
0.38464436816642,152.997776067234,0.02675,153.138541100205
0.380781407562189,151.503867114943,0.0268,151.645620423582
0.376827219206767,149.973262480533,0.02685,150.115283459241
0.372779235038003,148.408513073689,0.0269,148.547907794931
0.368647478331795,146.805331144753,0.02695,146.943880157141
0.364428415821067,145.164622870563,0.027,145.303596315692
0.360121541235543,143.487737790748,0.02705,143.627460986076
0.355727919848384,141.775751563815,0.0271,141.915887729605
0.351245453869588,140.031380651103,0.02715,140.169298851371
0.346683989821571,138.250783921846,0.0272,138.388125296042
0.342040484094227,136.434957633532,0.02725,136.572806541544
0.337314711033073,134.585245153053,0.0273,134.723790490613
0.332503688680042,132.705076300118,0.02735,132.841533360295
0.32761860453116,130.790314074016,0.0274,130.92649956937
0.322656152323098,128.842154681608,0.02745,128.979161623772
0.317616131695154,126.862098452218,0.0275,127
0.312495529285336,124.853737480074,0.02755,124.989503026569
0.30730593370992,122.812806712413,0.0276,122.948166763526
0.302043974952042,120.74050188887,0.02765,120.876494880045
0.296709451350829,118.638329969792,0.0277,118.774998530168
0.291299568809393,116.509786191474,0.02775,116.644196226671
0.285825560397143,114.350818391077,0.0278,114.48461371314
0.28028431579574,112.162606340721,0.02785,112.296783834245
0.274675772701769,109.94662330978,0.0279,110.081246404272
0.268997633386945,107.706109733448,0.02795,107.83854807393
0.263260250649793,105.437491266703,0.028,105.569242195473
0.257461017734208,103.141918635811,0.02805,103.273888686171
0.251595631331774,100.823339609184,0.0281,100.953053890157
0.245675635374546,98.4778512303176,0.02815,98.6073104386871
0.239697959508781,96.1069432130702,0.0282,96.2372371088598
0.233657797702172,93.7151443948369,0.02825,93.8434186808049
0.227567926438788,91.2981852906242,0.0283,91.4264457933995
0.221424991283108,88.8576231419107,0.02835,88.986914798538
0.215229093116726,86.3952113671053,0.0284,86.5254276139896
0.208977756031128,83.9145825259113,0.02845,84.0425915748851
0.202682202113728,81.4118998222636,0.0285,81.5390192838661
0.196339787499173,78.8882591316909,0.02855,79.0153284599331
0.189946209755277,76.3475934556405,0.0286,76.4721417860346
0.183512746711447,73.7861962369812,0.02865,73.9100867554273
0.176816241454361,71.3310735012636,0.0287,71.3297955168538
0.169880802277792,69.0067074687064,0.02875,68.7319047185669
0.163363595540517,66.4204410646883,0.0288,66.1170553512482
0.156844164353668,63.6483612807718,0.02885,63.4858925898526
0.150198193351955,60.808489600453,0.0289,60.8390656344203
0.14346110180179,57.9796211083596,0.02895,58.1772275498969
0.136686249092335,55.2001618668821,0.029,55.5010351050003
0.129906183592297,52.4772068086083,0.02905,52.8111486101712
0.123145639241883,49.7894311275634,0.0291,50.1082317546529
0.116379059045755,47.1240736230295,0.02915,47.3929514427345
0.109592370698582,44.4645335772514,0.0292,44.6659776292038
0.102774438177022,41.7957771718603,0.02925,41.9279831540442
0.0959095203634313,39.1116228548745,0.0293,39.1796435764232
0.0889952502019007,36.407149358817,0.02935,36.4216370080076
0.082040851306207,33.675764534503,0.0294,33.6546439456486
0.0750417145390472,30.9214010893289,0.02945,30.8793471034816
0.0680076468435118,28.1458551508722,0.0295,28.0964312444741
0.0609509429575503,25.3498111732823,0.02955,25.3065830114733
0.053875541555918,22.5382822576635,0.0296,22.5104907577846
0.0467861977392054,19.7170724474927,0.02965,19.7088443773331
0.0396907693012665,16.8896362872647,0.0297,16.9023351344416
0.0325895296810899,14.0614585141123,0.02975,14.0916554932704
0.0254945460460867,11.2304532064853,0.0298,11.2774989469646
0.0184057277572407,8.39760516117852,0.02985,8.46055984654208
0.0113138014647127,5.56972131702516,0.0299,5.64153322957552
0.00423332634033358,2.74179343055098,0.02995,2.82111464870095
-0.00284648825899225,-0.0815019908148141,0.03,-2.53056936119398e-13
-0.00992556976154191,-2.89858556470576,0.03005,-2.82111464870114
-0.0169928898812763,-5.71533826825342,0.0301,-5.64153322957602
-0.02405611769667,-8.52981036598167,0.03015,-8.46055984654226
-0.0311190412914204,-11.3388893692262,0.0302,-11.2774989469648
-0.0381697003199815,-14.1475092161841,0.03025,-14.0916554932706
-0.0452102457085033,-16.9553636318819,0.0303,-16.9023351344418
-0.0522457747619871,-19.7580959199567,0.03035,-19.7088443773333
-0.0592634246323627,-22.5595969628063,0.0304,-22.5104907577848
-0.0662677498583442,-25.3567317504653,0.03045,-25.3065830114735
-0.0732606675403424,-28.1452984969792,0.0305,-28.0964312444743
-0.0802277313514228,-30.9300766945852,0.03055,-30.8793471034818
-0.087182966250845,-33.7031726592137,0.0306,-33.6546439456488
-0.0941064434262344,-36.4717638184218,0.03065,-36.4216370080078
-0.101002442163395,-39.2345149430537,0.0307,-39.1796435764234
-0.107880535784986,-41.9838028696504,0.03075,-41.9279831540444
-0.114726460982304,-44.7229953313169,0.0308,-44.665977629204
-0.12154021325814,-47.4518342461857,0.03085,-47.3929514427347
-0.1283251989239,-50.1671781241256,0.0309,-50.1082317546531
-0.135078221217289,-52.8684218224776,0.03095,-52.8111486101713
-0.141789432146612,-55.5598714015135,0.031,-55.5010351050005
-0.148472881115832,-58.2339632891516,0.03105,-58.1772275498973
-0.155114088226643,-60.8949794829148,0.0311,-60.8390656344205
-0.161714185489036,-63.5425229635115,0.03115,-63.4858925898531
-0.168280348823749,-66.1711601344444,0.0312,-66.1170553512486
-0.174797435585866,-68.7861758146111,0.03125,-68.731904718567
-0.181492499030262,-71.2588419490294,0.0313,-71.3297955168543
-0.18796291464584,-73.7797048649463,0.03135,-73.9100867554278
-0.194277124764521,-76.3904599633961,0.0314,-76.4721417860347
-0.200547076879372,-79.0429319301147,0.03145,-79.0153284599335
-0.20679443289365,-81.6825893928261,0.0315,-81.5390192838663
-0.212987305100987,-84.2803584811262,0.03155,-84.0425915748855
-0.219104650318725,-86.822496786372,0.0316,-86.5254276139897
-0.225136410193002,-89.3080210150878,0.03165,-88.9869147985382
-0.231090498735753,-91.7389483875813,0.0317,-91.4264457933999
-0.236963944436699,-94.1285709355668,0.03175,-93.8434186808051
-0.242770352088844,-96.4849909062928,0.0318,-96.23723710886
-0.248525706050267,-98.8108137352899,0.03185,-98.6073104386873
-0.254225173829404,-101.115310009553,0.0319,-100.953053890157
-0.259873738615692,-103.401753525601,0.03195,-103.273888686172
-0.265471821319807,-105.671288903532,0.032,-105.569242195473
-0.271023482651216,-107.919853929764,0.03205,-107.83854807393
-0.276512758055465,-110.151826877926,0.0321,-110.081246404272
-0.281938528784043,-112.36570459661,0.03215,-112.296783834245
-0.287303633041708,-114.555247287733,0.0322,-114.48461371314
-0.292593918607215,-116.72201863377,0.03225,-116.644196226671
-0.297808404603702,-118.863435087786,0.0323,-118.774998530168
-0.302945131190748,-120.976576789122,0.03235,-120.876494880046
-0.308008086655454,-123.055358249145,0.0324,-122.948166763525
-0.312984647651222,-125.102999521046,0.03245,-124.98950302657
-0.317876783074569,-127.118724151695,0.0325,-127
-0.322685292277205,-129.101430842321,0.03255,-128.979161623772
-0.327416339518651,-131.046686633068,0.0326,-130.92649956937
-0.332058793886393,-132.959070056589,0.03265,-132.841533360295
-0.336615405309326,-134.838828647834,0.0327,-134.723790490614
-0.341087188344979,-136.68551324163,0.03275,-136.572806541544
-0.345479650376419,-138.495235888175,0.0328,-138.388125296043
-0.349781970069278,-140.272170394457,0.03285,-140.169298851371
-0.353995896943218,-142.016347509808,0.0329,-141.915887729605
-0.358121615188384,-143.727009711768,0.03295,-143.627460986076
-0.362158169087298,-145.403202234952,0.033,-145.303596315692
-0.366110295251655,-147.040523429249,0.03305,-146.943880157141
-0.36996582906125,-148.643301673503,0.0331,-148.547907794931
-0.373726709381291,-150.211300002902,0.03315,-150.115283459241
-0.377393295598377,-151.743472629124,0.0332,-151.645620423582
-0.380964797410034,-153.238658705113,0.03325,-153.138541100205
-0.384445795335385,-154.692579047137,0.0333,-154.593677133273
-0.387825009601183,-156.109306407399,0.03335,-156.010669489743
-0.391104498607433,-157.488718361243,0.0334,-157.389168547954
-0.394284886613153,-158.829984251548,0.03345,-158.728834183891
-0.397365720435097,-160.132185636979,0.0335,-160.029335855103
-0.400346074324656,-161.394598385739,0.03355,-161.290352682263
-0.403230632313871,-162.613521502834,0.0336,-162.511573528339
-0.406008778999237,-163.79330358721,0.03365,-163.692697075359
-0.408682940182167,-164.934036120893,0.0337,-164.833431898762
-0.411253977519124,-166.035030014485,0.03375,-165.9334965393
-0.413721574696158,-167.095457026551,0.0338,-166.992619572483
-0.416084881705793,-168.114646571451,0.03385,-168.010539675551
-0.418342982063876,-169.09214284086,0.0339,-168.987005691949
-0.420495103955808,-170.027654112168,0.03395,-169.9217766933
-0.42254637727148,-170.917720942899,0.034,-170.814622038845
-0.424486124670501,-171.767058909874,0.03405,-171.665321432357
-0.426317325771656,-172.575717803227,0.0341,-172.473664976489
-0.42804108280615,-173.342924064783,0.03415,-173.239453224566
-0.42965718347013,-174.06780071345,0.0342,-173.962497229798
-0.431164869598657,-174.749681039846,0.03425,-174.642618591895
-0.432563359712905,-175.388155018721,0.0343,-175.279649501089
-0.43385206794224,-175.9830025775,0.03435,-175.873432779533
-0.435030622247588,-176.534111312446,0.0344,-176.42382192009
-0.436098799322863,-177.041417913109,0.03445,-176.930681122474
-0.437056451562317,-177.504877182616,0.0345,-177.393885326762
-0.437903456802832,-177.924449278585,0.03455,-177.813320244248
-0.438639693816409,-178.300095360833,0.0346,-178.188882385641
-0.439265035665681,-178.631775820851,0.03465,-178.520479086602
-0.439779352245917,-178.919449015406,0.0347,-178.808028530609
-0.44018125425746,-179.163789363548,0.03475,-179.051459769137
-0.44048007647735,-179.359573058585,0.0348,-179.250712739172
-0.440661419005053,-179.513241416998,0.03485,-179.405738278025
-0.44072981676883,-179.624851275527,0.0349,-179.516498135463
-0.440687171849376,-179.693479097097,0.03495,-179.582964983149
-0.440533668522065,-179.718158429481,0.035,-179.605122421383
-0.440268839311635,-179.69825471292,0.03505,-179.582964983149
-0.43989224149162,-179.633492201764,0.0351,-179.516498135463
-0.439398204248867,-179.526984130929,0.03515,-179.405738278025
-0.438797589399954,-179.37362665594,0.0352,-179.250712739172
-0.438086542818745,-179.173756562589,0.03525,-179.051459769137
-0.437263844120714,-178.92847459965,0.0353,-178.808028530609
-0.436329823860021,-178.638813644068,0.03535,-178.520479086602
-0.43528532418518,-178.305449726488,0.0354,-178.188882385641
-0.434131106217066,-177.928719132397,0.03545,-177.813320244248
-0.4328676639824,-177.508739180827,0.0355,-177.393885326762
-0.431495266346076,-177.045522801883,0.03555,-176.930681122474
-0.430014071618032,-176.53905219978,0.0356,-176.42382192009
-0.428424229520886,-175.989315835497,0.03565,-175.873432779533
-0.426725943448908,-175.396323931359,0.0357,-175.279649501089
-0.424919496962957,-174.76011488257,0.03575,-174.642618591895
-0.423005257855252,-174.080758813405,0.0358,-173.962497229798
-0.420983671465187,-173.358359944,0.03585,-173.239453224566
-0.418855250243936,-172.593057426978,0.0359,-172.473664976489
-0.416615453773517,-171.787934495742,0.03595,-171.665321432357
-0.414275488731285,-170.938003257505,0.036,-170.814622038845
-0.411831520011162,-170.04391463542,0.03605,-169.921776693299
-0.409282630783515,-169.106996565693,0.0361,-168.987005691949
-0.406629542715166,-168.128410704375,0.03615,-168.01053967555
-0.40387348610799,-167.108900996503,0.0362,-166.992619572483
-0.40101559291822,-166.048854528057,0.03625,-165.9334965393
-0.398056728659938,-164.948453200417,0.0363,-164.833431898762
-0.394992722071365,-163.810556121053,0.03635,-163.692697075359
-0.391834448252908,-162.63020389331,0.0364,-162.511573528339
-0.388577981637937,-161.408054095019,0.03645,-161.290352682263
-0.38522243745242,-160.145409284966,0.0365,-160.029335855103
-0.381768633092797,-158.843389006645,0.03655,-158.728834183891
-0.378217933206244,-157.502701959618,0.0366,-157.389168547954
-0.374566729531367,-156.126520979327,0.03665,-156.010669489743
-0.370826681850438,-154.709826804319,0.0367,-154.593677133273
-0.366993934858854,-153.253369507808,0.03675,-153.138541100205
-0.363067713067686,-151.758526719793,0.0368,-151.645620423582
-0.359048954144413,-150.226471655849,0.03685,-150.115283459241
-0.35493394937825,-148.660908070598,0.0369,-148.54790779493
-0.350735363837025,-147.056689903417,0.03695,-146.943880157141
-0.346449296309203,-145.414698178461,0.037,-145.303596315692
-0.342075044860103,-143.736400342017,0.03705,-143.627460986076
-0.337613650792953,-142.02301178549,0.0371,-141.915887729605
-0.333061926511448,-140.278003262713,0.03715,-140.169298851371
-0.328431814206326,-138.496612839665,0.0372,-138.388125296042
-0.323719770621871,-136.679723543911,0.03725,-136.572806541543
-0.318925290341582,-134.8287514558,0.0373,-134.723790490613
-0.314044351625121,-132.947809754156,0.03735,-132.841533360294
-0.309089874384988,-131.032073747048,0.0374,-130.92649956937
-0.304058274576434,-129.082656843475,0.03745,-128.979161623772
-0.29894919059636,-127.101132704706,0.0375,-127
-0.293758752899862,-125.091697736686,0.03755,-124.98950302657
-0.288500022398665,-123.049537634703,0.0376,-122.948166763525
-0.283169463692907,-120.975768226786,0.03765,-120.876494880045
-0.277766750174862,-118.871958042257,0.0377,-118.774998530167
-0.272288330939972,-116.742136872996,0.03775,-116.644196226671
-0.266746709824609,-114.58178492995,0.0378,-114.48461371314
-0.261138652472276,-112.392003966545,0.03785,-112.296783834245
-0.255463983042439,-110.17431723822,0.0379,-110.081246404272
-0.249719710117432,-107.932445072426,0.03795,-107.838548073929
-0.243917349006388,-105.6623750834,0.038,-105.569242195473
-0.238054163637372,-103.365187450777,0.03805,-103.273888686171
-0.232125203001743,-101.045183963442,0.0381,-100.953053890156
-0.226142787687465,-98.6981858762489,0.03815,-98.6073104386869
-0.220103854809462,-96.3256101712266,0.0382,-96.2372371088599
-0.21400853835101,-93.9291755408966,0.03825,-93.8434186808047
-0.207854247205933,-91.5126209226866,0.0383,-91.4264457933995
-0.201652271659249,-89.0721760307589,0.03835,-88.9869147985378
-0.195400198160712,-86.6088834848802,0.0384,-86.5254276139896
-0.189093607370975,-84.1267550127239,0.03845,-84.0425915748851
-0.182743873692182,-81.6220725084533,0.0385,-81.5390192838658
-0.176348439149347,-79.0961742043747,0.03855,-79.0153284599331
-0.169892980013341,-76.5590233665778,0.0386,-76.4721417860346
-0.163390232678022,-74.0080211297011,0.03865,-73.9100867554273
-0.156834615002104,-71.4454032880122,0.0387,-71.3297955168535
-0.150223822138663,-68.8722412170092,0.03875,-68.7319047185666
-0.143572959180045,-66.2790337691615,0.0388,-66.1170553512485
-0.136878572111222,-63.663421047207,0.03885,-63.4858925898526
-0.130130221784786,-61.0310874865643,0.0389,-60.83906563442
-0.123349836231309,-58.3736983319203,0.03895,-58.1772275498972
-0.116529520949868,-55.6956613984402,0.039,-55.5010351049998
-0.109670079974883,-53.0016116487649,0.03905,-52.8111486101712
-0.102786902070743,-50.2883911088535,0.0391,-50.1082317546526
-0.0958744187752849,-47.5615432742907,0.03915,-47.3929514427342
-0.0889343309511794,-44.825235842799,0.0392,-44.6659776292038
-0.0819833500861229,-42.0740756899656,0.03925,-41.9279831540439
-0.0750091859663371,-39.3151034349853,0.0393,-39.1796435764232
-0.0680165124490877,-36.5499285569265,0.03935,-36.4216370080073
-0.061013235388593,-33.7760862060618,0.0394,-33.6546439456484
-0.0539964337434959,-30.9951645455639,0.03945,-30.8793471034817
-0.0469640765213732,-28.2097272299264,0.0395,-28.0964312444738
-0.0399203599236593,-25.419223472505,0.03955,-25.306583011473
-0.032862741180665,-22.6255919231071,0.0396,-22.5104907577846
-0.0258011419647914,-19.8243510287009,0.03965,-19.7088443773331
-0.0187351516176619,-17.0148503688424,0.0397,-16.9023351344416
-0.011654371900331,-14.204172058097,0.03975,-14.0916554932701
-0.00457248550146261,-11.3889216892215,0.0398,-11.2774989469646
0.00251139062147132,-8.57001284544812,0.03985,-8.4605598465421
0.00960061852281768,-5.75107832119448,0.0399,-5.64153322957554
0.0166857742359241,-2.92957134379783,0.03995,-2.82111464870097
0.0237650556047448,-0.104941516351863,0.04,5.5010443989556e-13
0.0308447129394001,2.71791397903098,0.04005,2.82111464870112
0.0379191139084742,5.53866197638805,0.0401,5.641533229576
0.0449817740097131,8.35938323559308,0.04015,8.46055984654256
0.0520388398862757,11.1761197896332,0.0402,11.2774989469644
0.0590783139297049,13.9930144285246,0.04025,14.0916554932709
0.0661094658600998,16.8047688451578,0.0403,16.9023351344418
0.0731261907915037,19.6114432243445,0.04035,19.7088443773336
0.08012135340201,22.4156202239152,0.0404,22.5104907577851
0.087107325910047,25.2098434733191,0.04045,25.3065830114732
0.0940700656400164,27.9981343024166,0.0405,28.0964312444746
0.101005447316046,30.7831754416211,0.04055,30.8793471034818
0.107925916364083,33.557684317816,0.0406,33.6546439456491
0.11481864664152,36.324731922645,0.04065,36.4216370080078
0.121683089191881,39.084184528063,0.0407,39.1796435764234
0.128522239624754,41.8329473865739,0.04075,41.9279831540447
0.135333606921487,44.5697579847511,0.0408,44.665977629204
0.142106553269815,47.2988703085921,0.04085,47.3929514427346
0.148857586542543,50.0111098084002,0.0409,50.1082317546531
0.155564179599955,52.7147749240133,0.04095,52.8111486101713
0.162235481728602,55.4063392535491,0.041,55.5010351050008
0.168875582185046,58.0808767098937,0.04105,58.177227549897
0.175472021333207,60.7420898371778,0.0411,60.8390656344204
0.182023214971291,63.3910284573439,0.04115,63.4858925898531
0.188530020142007,66.026324128416,0.0412,66.1170553512486
0.194976635351736,68.6545922990976,0.04125,68.7319047185676
0.201365749764293,71.2739946386821,0.0413,71.3297955168539
0.207703804078396,73.8765177765293,0.04135,73.9100867554277
0.213980285798447,76.4611488692438,0.0414,76.472141786035
0.220196055393903,79.0238058943412,0.04145,79.0153284599332
0.226355874199101,81.5583808793334,0.0415,81.5390192838662
0.232450478603643,84.0672609135589,0.04155,84.0425915748855
0.238482633553684,86.5502595279466,0.0416,86.52542761399
0.244454189587465,89.0073704318365,0.04165,88.9869147985384
0.250372236290879,91.4354880297272,0.0417,91.4264457933996
0.25622658555517,93.8402924012063,0.04175,93.8434186808051
0.262020677202721,96.2227397779393,0.0418,96.2372371088603
0.267761154812791,98.5796530364391,0.04185,98.6073104386875
0.273437831856665,100.915139597999,0.0419,100.953053890157
0.279052032951484,103.228977906602,0.04195,103.273888686171
0.284603106934658,105.520075357632,0.042,105.569242195473
0.290095387199321,107.783555451479,0.04205,107.83854807393
0.295515626102718,110.023327493878,0.0421,110.081246404272
0.300865024650458,112.238537424138,0.04215,112.296783834245
0.306148386322615,114.424575088701,0.0422,114.48461371314
0.311355275196092,116.584012669677,0.04225,116.644196226671
0.31648650833651,118.715866681217,0.0423,118.774998530168
0.321541668718762,120.818733454688,0.04235,120.876494880046
0.326525042787621,122.888219274643,0.0424,122.948166763526
0.331425938649295,124.927771159357,0.04245,124.98950302657
0.336245937166982,126.937085018062,0.0425,127
0.340985346955453,128.915278125142,0.04255,128.979161623772
0.345648804509953,130.858412029562,0.0426,130.92649956937
0.350226189613227,132.770023278743,0.04265,132.841533360295
0.354719045393075,134.649944835018,0.0427,134.723790490613
0.35912759116141,136.497368930945,0.04275,136.572806541544
0.363451057442045,138.311382236396,0.0428,138.388125296043
0.36769434225981,140.087726947018,0.04285,140.169298851371
0.371845430811547,141.830920387193,0.0429,141.915887729606
0.375906618748498,143.540772929445,0.04295,143.627460986076
0.379878439093432,145.216279741699,0.043,145.303596315692
0.38376016500974,146.856327536706,0.04305,146.943880157142
0.38755680880239,148.456439042316,0.0431,148.54790779493
0.391255939771384,150.021284641429,0.04315,150.115283459242
0.39486013661147,151.550635829044,0.0432,151.645620423582
0.398370125616463,153.043472603867,0.04325,153.138541100205
0.40178533964238,154.498710650596,0.0433,154.593677133273
0.405110279247609,155.912323809838,0.04335,156.010669489743
0.40833392969186,157.288476210045,0.0434,157.389168547954
0.411458592794325,158.627041573492,0.04345,158.728834183891
0.414484982848116,159.927190040727,0.0435,160.029335855103
0.417412676802407,161.188019088969,0.04355,161.290352682263
0.420240770949459,162.408826031983,0.0436,162.511573528339
0.422973351338264,163.58628391488,0.04365,163.692697075359
0.425600712872029,164.7243539609,0.0437,164.833431898762
0.428125150740225,165.82303097196,0.04375,165.9334965393
0.430547448940736,166.881611825775,0.0438,166.992619572483
0.432867295091736,167.899295212506,0.04385,168.01053967555
0.435083903825266,168.875447325086,0.0439,168.987005691949
0.437196451129136,169.809644438963,0.04395,169.921776693299
0.439204260686139,170.70161958523,0.044,170.814622038845
0.441106823497542,171.55119476777,0.04405,171.665321432357
0.442909102670072,172.355181225067,0.0441,172.473664976489
0.444600821469891,173.118235111172,0.04415,173.239453224566
0.446185194965711,173.84026824183,0.0442,173.962497229798
0.447663357550443,174.520434338956,0.04425,174.642618591895
0.449035093628062,175.157853964043,0.0443,175.279649501089
0.450299677697124,175.751899576889,0.04435,175.873432779533
0.451456402456095,176.30221378253,0.0444,176.42382192009
0.452504777756918,176.808626489006,0.04445,176.930681122474
0.453444528868047,177.271067331715,0.0445,177.393885326762
0.454275520455454,177.689507563295,0.04455,177.813320244248
0.454997680962563,178.063931169654,0.0446,178.188882385641
0.455610954289092,178.39432384975,0.04465,178.520479086602
0.456115278482208,178.680669652636,0.0447,178.808028530609
0.456510581863789,178.922949742638,0.04475,179.051459769137
0.45679678746319,179.12114157683,0.0448,179.250712739172
0.456973820125029,179.275218630004,0.04485,179.405738278025
0.457041613757568,179.385151161689,0.0449,179.516498135463
0.457000117920067,179.450908197732,0.04495,179.582964983149
0.456849303575702,179.472460483488,0.045,179.605122421383
0.456589167921798,179.449783920052,0.04505,179.582964983149
0.456219738162616,179.382862955867,0.0451,179.516498135463
0.455741074098619,179.271693508375,0.04515,179.405738278025
0.455153269497266,179.116285152319,0.0452,179.250712739172
0.454456452337446,178.916662474084,0.04525,179.051459769137
0.45365078413311,178.672865624232,0.0453,178.808028530609
0.452736458612215,178.384950191456,0.04535,178.520479086602
0.451713700046184,178.05298657215,0.0454,178.188882385641
0.450582761500343,177.677059026323,0.04545,177.813320244248
0.449343923222912,177.257264600928,0.0455,177.393885326762
0.447997491320621,176.793712073594,0.04555,176.930681122474
0.446543796801173,176.286521030995,0.0456,176.42382192009
0.444983194998159,175.735821153539,0.04565,175.873432779533
0.443316065346934,175.1417517371,0.0457,175.279649501088
0.441542811444172,174.504461447721,0.04575,174.642618591895
0.439663861306848,173.824108279009,0.0458,173.962497229798
0.437673022901301,173.104644980558,0.04585,173.239453224566
0.435586425015728,172.338429436304,0.0459,172.473664976488
0.433395134925682,171.527940673193,0.04595,171.665321432357
0.431098922791435,170.674765855684,0.046,170.814622038845
0.428698909163536,169.779988497747,0.04605,169.921776693299
0.426196373919858,168.844146597584,0.0461,168.987005691949
0.423592287462569,167.867423533133,0.04615,168.01053967555
0.420887291769752,166.8498506228,0.0462,166.992619572483
0.418081851768406,165.791440270933,0.04625,165.9334965393
0.41517220022314,164.694645891903,0.0463,164.833431898762
0.412168231289876,163.554934359773,0.04635,163.692697075359
0.409066126080688,162.373143344306,0.0464,162.511573528339
0.405865174757324,161.150626789784,0.04645,161.290352682263
0.402566288500658,159.888483848297,0.0465,160.029335855103
0.399170829277054,158.58738500865,0.04655,158.72883418389
0.395675388053363,157.250326528323,0.0466,157.389168547954
0.392091380443844,155.872326405725,0.04665,156.010669489743
0.388414628908727,154.45431694925,0.0467,154.593677133273
0.384644303090418,152.997763553116,0.04675,153.138541100205
0.380781331222593,151.503833953043,0.0468,151.645620423582
0.376827143496875,149.973217506447,0.04685,150.115283459241
0.372779169021321,148.408464419941,0.0469,148.54790779493
0.368647427791238,146.805285494297,0.04695,146.943880157141
0.364428383416538,145.164584994954,0.047,145.303596315692
0.360121526909147,143.487710439327,0.04705,143.627460986076
0.355727921454161,141.775735618026,0.0471,141.915887729605
0.351245467903951,140.031375460785,0.04715,140.16929885137
0.346684012141857,138.250787741413,0.0472,138.388125296042
0.342040510554583,136.434968076965,0.04725,136.572806541544
0.337314737962494,134.585259619822,0.0473,134.723790490613
0.332503713187769,132.705092330893,0.04735,132.841533360295
0.327618624681804,130.790329590628,0.0474,130.92649956937
0.322656167118403,128.842168145189,0.04745,128.979161623772
0.317616140974188,126.862108916165,0.0475,127
0.312495533547938,124.853744562561,0.04755,124.98950302657
0.307305933914243,122.812810504024,0.0476,122.948166763525
0.302043972288672,120.740502835041,0.04765,120.876494880045
0.296709447053367,118.638328736675,0.0477,118.774998530167
0.291299564004355,116.509783536694,0.04775,116.644196226671
0.28582555599592,114.350815056566,0.0478,114.48461371314
0.280284312442539,112.162602969936,0.04785,112.296783834245
0.274675770761341,109.946620396345,0.0479,110.081246404272
0.268997632968542,107.706107598898,0.04795,107.83854807393
0.263260251652142,105.437490064825,0.048,105.569242195473
0.257461019908618,103.141918373499,0.04805,103.273888686171
0.251595634344895,100.823340180201,0.0481,100.953053890156
0.245675638867439,98.4778524537167,0.04815,98.6073104386869
0.239697963143918,96.1069448718716,0.0482,96.2372371088596
0.233657801197012,93.7151462700978,0.04825,93.843418680805
0.227567929587742,91.298187186321,0.0483,91.4264457933995
0.221424993961975,88.857624902842,0.04835,88.9869147985378
0.215229095278531,86.3952128874268,0.0484,86.5254276139893
0.208977757693525,83.9145837500889,0.04845,84.0425915748848
0.202682203343123,81.4119007392717,0.0485,81.5390192838661
0.196339788390976,78.8882597662651,0.04855,79.0153284599331
0.189946210416405,76.3475938571936,0.0486,76.4721417860343
0.183512747245736,73.7861964681562,0.04865,73.9100867554271
0.176816241919749,71.331073645717,0.0487,71.3297955168536
0.169880802715788,69.0067076074484,0.04875,68.7319047185669
0.163363596062972,66.4204412110453,0.0488,66.1170553512482
0.156844164989028,63.6483614446643,0.04885,63.4858925898523
0.150198194092056,60.8084897932039,0.0489,60.83906563442
0.14346110262132,57.9796213429747,0.04895,58.1772275498966
0.136686249972399,55.2001621472285,0.049,55.5010351050001
0.129906184505597,52.4772071350491,0.04905,52.8111486101709
0.123145640167543,49.7894314918678,0.0491,50.1082317546527
0.116379059966569,47.1240740104989,0.04915,47.3929514427342
0.109590419197186,44.4656461809395,0.0492,44.6659776292032
0.102774524488314,41.7960510478906,0.04925,41.9279831540439
0.09590995571034,39.111214405045,0.0493,39.1796435764232
0.0889954397869666,36.4064540411816,0.04935,36.4216370080073
0.0820408119747071,33.6751048626414,0.0494,33.6546439456484
0.0750416365163247,30.9209460645627,0.04945,30.8793471034811
0.0680076817875879,28.1456418936483,0.0495,28.0964312444742
0.0609511370585416,25.3498040513493,0.04955,25.306583011473
0.0538758614213144,22.538419136799,0.0496,22.5104907577843
0.0467865777247418,19.7172898996921,0.04965,19.7088443773328
0.0396911418353092,16.8898827163301,0.0497,16.902335134441
0.0325898425561419,14.0616977141251,0.04975,14.0916554932705
0.0254947724225545,11.230660551362,0.0498,11.2774989469643
0.0184058616191898,8.39776549595386,0.04985,8.4605598465418
0.0113138493600609,5.56982858154202,0.0499,5.64153322957588
0.00423330398607646,2.74184842838854,0.04995,2.82111464870068
-0.00284656106680359,-0.0814931078719821,0.05,-2.09066368462635e-13
-0.00992567258785115,-2.89861303180448,0.05005,-2.82111464870141
-0.0169930036514643,-5.71539073092711,0.0501,-5.64153322957598
-0.0240562274794733,-8.52987591856766,0.05015,-8.46055984654222
-0.0311191359011946,-11.3389573941084,0.0502,-11.277498946965
-0.0381697727815933,-14.147571379076,0.05025,-14.0916554932709
-0.0452102931515199,-16.9554143122446,0.0503,-16.9023351344418
-0.0522457978353827,-19.7581321880373,0.05035,-19.7088443773336
-0.059263426600678,-22.5596182504213,0.0504,-22.5104907577847
-0.0662677356947494,-25.3567392780624,0.05045,-25.3065830114734
-0.0732606427916291,-28.1452947641259,0.0505,-28.0964312444743
-0.0802277015344188,-30.9300648170385,0.05055,-30.8793471034818
-0.0871829361166796,-33.703155915516,0.0506,-33.6546439456491
-0.0941064164180574,-36.4717453718714,0.05065,-36.4216370080078
-0.101002420756005,-39.2344973234434,0.0507,-39.1796435764233
-0.107880521111138,-41.9837879482268,0.05075,-41.9279831540443
-0.114726453285289,-44.7229841486573,0.0508,-44.6659776292039
-0.12154021176884,-47.4518272307719,0.05085,-47.3929514427349
-0.128325202420164,-50.1671751107784,0.0509,-50.1082317546528
-0.135078228187,-52.8684222344409,0.05095,-52.8111486101713
-0.141789441057345,-55.5598744016113,0.051,-55.5010351050005
-0.14847289060663,-58.2339679257563,0.05105,-58.1772275498973
-0.155114097085871,-60.894984900688,0.0511,-60.8390656344207
-0.161714192989777,-63.5425283716515,0.05115,-63.4858925898527
-0.168280354463485,-66.1711649710398,0.0512,-66.1170553512486
-0.174797439258155,-68.7861796894814,0.05125,-68.7319047185673
-0.181492501692182,-71.2588441972588,0.0513,-71.3297955168542
-0.187962915914,-73.7797057218906,0.05135,-73.910086755428
-0.194275413322279,-76.3914348258553,0.0514,-76.4721417860347
-0.200547149435743,-79.0431719349525,0.05145,-79.0153284599335
-0.20679482159319,-81.6822253722706,0.0515,-81.5390192838665
-0.212987486934593,-84.2797363346617,0.05155,-84.0425915748858
-0.219104631159577,-86.8219053615829,0.0516,-86.5254276139902
-0.22513635756946,-89.307612137667,0.05165,-88.9869147985381
-0.23109054460212,-91.7387576687935,0.0517,-91.4264457933999
-0.236964130434836,-94.1285672617613,0.05175,-93.8434186808053
-0.242770648999783,-96.4851182645956,0.0518,-96.2372371088605
-0.248526053188236,-98.8110155704349,0.05185,-98.6073104386878
-0.254225510301546,-101.115539520306,0.0519,-100.953053890157
-0.259874019808032,-103.401975928679,0.05195,-103.273888686172
-0.265472023091217,-105.671480617337,0.052,-105.569242195474
-0.271023598846643,-107.920001035097,0.05205,-107.83854807393
-0.276512795379017,-110.151923717795,0.0521,-110.081246404272
-0.28193850195447,-112.365752224522,0.05215,-112.296783834245
-0.287303560573514,-114.555251848708,0.0522,-114.48461371314
-0.292593819621375,-116.72198961051,0.05225,-116.644196226671
-0.297808296554775,-118.863383537597,0.0523,-118.774998530168
-0.302945028362259,-120.976513764901,0.05235,-120.876494880046
-0.308007999324278,-123.055293566858,0.0524,-122.948166763526
-0.312984581974488,-125.102940881233,0.05245,-124.98950302657
-0.317876741298386,-127.118676767046,0.0525,-127
-0.322685273402641,-129.101397421746,0.05255,-128.979161623772
-0.327416340170748,-131.046667659823,0.0526,-130.92649956937
-0.332058809275432,-132.959064242959,0.05265,-132.841533360295
-0.336615430084933,-134.838833507004,0.0527,-134.723790490613
-0.341087217343398,-136.68552565447,0.05275,-136.572806541544
-0.345479679177426,-138.495252603205,0.0528,-138.388125296043
-0.349781995304783,-140.272188441489,0.05285,-140.169298851371
-0.353995916452501,-142.016364467105,0.0529,-141.915887729605
-0.358121627978871,-143.727023852563,0.05295,-143.627460986076
-0.362158175171309,-145.403212561083,0.053,-145.303596315692
-0.366110295409769,-147.040529613066,0.05305,-146.943880157142
-0.369965824565544,-148.643303941383,0.0531,-148.54790779493
-0.373726701742143,-150.211298976206,0.05315,-150.115283459241
-0.377393286334161,-151.743469160217,0.0532,-151.645620423582
-0.380964787870884,-153.238653725911,0.05325,-153.138541100205
-0.384445786584813,-154.692573446247,0.0533,-154.593677133273
-0.387825002371667,-156.109300934009,0.05335,-156.010669489743
-0.391104493286999,-157.488713574918,0.0534,-157.389168547954
-0.394284883282673,-158.829980503466,0.05345,-158.728834183891
-0.39736571893226,-160.13218307881,0.0535,-160.029335855103
-0.400346074319827,-161.394596999071,0.05355,-161.290352682263
-0.403230633386606,-162.613521141296,0.0536,-162.511573528339
-0.406008780708564,-163.793304022569,0.05365,-163.692697075359
-0.40868294212024,-164.934037088837,0.0537,-164.833431898762
-0.411253979350128,-166.035031253234,0.05375,-165.9334965393
-0.413721576177746,-167.095458306054,0.0538,-166.992619572483
-0.41608488269479,-168.114647712029,0.05385,-168.01053967555
-0.418342982508975,-169.092143721871,0.0539,-168.987005691949
-0.420495103881748,-170.027654671871,0.05395,-169.9217766933
-0.422546376758028,-170.917721171689,0.054,-170.814622038845
-0.424486123831013,-171.767058838774,0.05405,-171.665321432357
-0.426317324731627,-172.575717490874,0.0541,-172.473664976489
-0.428041081686182,-173.342923584221,0.05415,-173.239453224566
-0.429657182373099,-174.067800140457,0.0542,-173.962497229798
-0.431164868602202,-174.749680443619,0.05425,-174.642618591895
-0.432563358866606,-175.388154455395,0.0543,-175.279649501089
-0.433852067268322,-175.983002086937,0.05435,-175.873432779533
-0.435030621744879,-176.534110917415,0.0544,-176.42382192009
-0.436098798972409,-177.041417620701,0.05445,-176.930681122474
-0.43705645133355,-177.504876987133,0.0545,-177.393885326763
-0.437903456659882,-177.924449165169,0.05455,-177.813320244248
-0.438639693723211,-178.300095309371,0.0546,-178.188882385641
-0.439265035590154,-178.631775809437,0.05465,-178.520479086602
-0.439779352162898,-178.919449023148,0.0547,-178.808028530609
-0.440182516137455,-179.163070465736,0.05475,-179.051459769137
-0.440480033992593,-179.359388936761,0.0548,-179.250712739172
-0.440661141105181,-179.513501725642,0.05485,-179.405738278025
-0.440729688415658,-179.625304813802,0.0549,-179.516498135463
-0.440687191239554,-179.693913890258,0.05495,-179.582964983149
-0.440533713633457,-179.718461865079,0.055,-179.605122421383
-0.44026881266182,-179.698399379914,0.05505,-179.582964983149
-0.439892111344868,-179.633499978176,0.0551,-179.516498135463
-0.439397991137142,-179.526895473405,0.05515,-179.405738278025
-0.438797337434615,-179.37348263417,0.0552,-179.250712739172
-0.438086296637884,-179.173591267943,0.05525,-179.051459769137
-0.437263636740276,-178.928313415746,0.0553,-178.808028530609
-0.436329673438841,-178.638673838156,0.05535,-178.520479086602
-0.435285235770223,-178.305341563478,0.0554,-178.188882385641
-0.434131075313886,-177.928646960008,0.05545,-177.813320244248
-0.432867680199074,-177.508702493628,0.0555,-177.393885326762
-0.431495316432851,-177.045517388718,0.05555,-176.930681122474
-0.430014141783097,-176.539071389312,0.0556,-176.42382192009
-0.428424307093586,-175.989351753358,0.05565,-175.873432779533
-0.426726017979881,-175.396368639806,0.0557,-175.279649501088
-0.424919560829075,-174.760161289704,0.05575,-174.642618591895
-0.423005306431385,-174.080801286418,0.0558,-173.962497229798
-0.420983702937477,-173.358394614828,0.05585,-173.239453224566
-0.418855265158136,-172.593082223014,0.0559,-172.473664976488
-0.416615454418086,-171.78794895879,0.05595,-171.665321432357
-0.41427547849046,-170.938008206376,0.056,-170.814622038845
-0.411831502701929,-170.043911780715,0.05605,-169.921776693299
-0.409282610125508,-169.10698810506,0.0561,-168.987005691949
-0.406629521932039,-168.128398956753,0.05615,-168.01053967555
-0.40387346767757,-167.108888108586,0.0562,-166.992619572483
-0.401015578464936,-166.048842269866,0.05625,-165.9334965393
-0.398056718970189,-164.948442852325,0.0563,-164.833431898762
-0.394992717204786,-163.810548441017,0.05635,-163.692697075359
-0.391834447694755,-162.630199159687,0.0564,-162.511573528338
-0.388577984504295,-161.40805218368,0.05645,-161.290352682263
-0.38522244267557,-160.145409777789,0.0565,-160.029335855103
-0.381768639585232,-158.843391308397,0.05655,-158.72883418389
-0.378217939989007,-157.502705407741,0.0566,-157.389168547954
-0.374566735817908,-156.126524936704,0.05665,-156.010669489743
-0.370826687097207,-154.709830723063,0.0567,-154.593677133272
-0.366993938765411,-153.253372972363,0.05675,-153.138541100205
-0.363067715554514,-151.758529463515,0.0568,-151.645620423582
-0.359048955310563,-150.226473556381,0.05685,-150.115283459241
-0.354933949448402,-148.660909129834,0.0569,-148.54790779493
-0.350739402285505,-147.054389249639,0.05695,-146.943880157141
-0.346449765459447,-145.413763452712,0.057,-145.303596315692
-0.342074749845146,-143.736793813396,0.05705,-143.627460986076
-0.337613709316337,-142.024142369302,0.0571,-141.915887729605
-0.333062401971624,-140.27928805153,0.05715,-140.16929885137
-0.328432386168338,-138.497685992,0.0572,-138.388125296042
-0.323720140187,-136.680436940003,0.05725,-136.572806541543
-0.318925322312388,-134.82910022181,0.0573,-134.723790490613
-0.314044061851796,-132.947857991026,0.05735,-132.841533360294
-0.309089363410209,-131.031906147184,0.0574,-130.92649956937
-0.304057665120098,-129.082355176922,0.05745,-128.979161623772
-0.298948589400588,-127.1007671688,0.0575,-127
-0.293758235301567,-125.091324687845,0.05755,-124.989503026569
-0.288499630458041,-123.049199563309,0.0576,-122.948166763525
-0.283169211873854,-120.975493702245,0.05765,-120.876494880045
-0.277766632319512,-118.871762263698,0.0577,-118.774998530167
-0.272288327088617,-116.742023009687,0.05775,-116.644196226671
-0.266746792062577,-114.58174640723,0.0578,-114.48461371314
-0.261138790080224,-112.392027254324,0.05785,-112.296783834245
-0.255464146460639,-110.174384916603,0.0579,-110.081246404272
-0.24971987384783,-107.932538723591,0.05795,-107.83854807393
-0.243917493580952,-105.662477589142,0.058,-105.569242195473
-0.238054276322494,-103.365284687469,0.05805,-103.273888686171
-0.232125277664636,-101.045265744923,0.0581,-100.953053890156
-0.22614282403898,-98.6982461649349,0.05815,-98.6073104386869
-0.220103857012617,-96.3256468198479,0.0582,-96.2372371088602
-0.214008513518735,-93.9291896256563,0.05825,-93.843418680805
-0.207854203907488,-91.5126158584722,0.0583,-91.4264457933995
-0.2016522185891,-89.072156633965,0.05835,-88.9869147985378
-0.195400143115826,-86.6088550923091,0.0584,-86.5254276139893
-0.189093556577539,-84.1267227426015,0.05845,-84.0425915748854
-0.182743831433694,-81.6220407391149,0.0585,-81.5390192838662
-0.176348407753199,-79.0961462389278,0.05855,-79.0153284599331
-0.169892959999213,-76.5590013282778,0.0586,-76.4721417860343
-0.163390223188532,-74.0080059624631,0.05865,-73.9100867554271
-0.156834614197621,-71.4453949246323,0.0587,-71.3297955168539
-0.150223827638452,-68.8722388219623,0.05875,-68.7319047185669
-0.143572968523241,-66.2790359809925,0.0588,-66.1170553512482
-0.136878582887032,-63.6634263488673,0.05885,-63.4858925898524
-0.130130232051695,-61.0310943653873,0.0589,-60.8390656344197
-0.123349844554472,-58.3737054771214,0.05895,-58.1772275498969
-0.11652952957559,-55.69566602483,0.059,-55.5010351050001
-0.109670085854304,-53.0016141156143,0.05905,-52.8111486101709
-0.102786904303748,-50.28839232872,0.0591,-50.1082317546524
-0.0958744181039037,-47.5615438060206,0.05915,-47.3929514427339
-0.0889343284357302,-44.8252358741698,0.0592,-44.6659776292036
-0.0819833465513824,-42.0740752258594,0.05925,-41.9279831540439
-0.0750091819258216,-39.3151024645951,0.0593,-39.1796435764229
-0.0680165082133897,-36.5499271286881,0.05935,-36.4216370080071
-0.061013231173888,-33.7760844309965,0.0594,-33.6546439456487
-0.0539964297094144,-30.9951625776795,0.05945,-30.8793471034814
-0.0469640727857872,-28.2097252334273,0.0595,-28.0964312444739
-0.0399203565762178,-25.4192215838391,0.05955,-25.3065830114727
-0.0328627382789328,-22.6255902290659,0.0596,-22.510490757784
-0.0258011395044946,-19.8243495770309,0.05965,-19.7088443773332
-0.0187351495469876,-17.0148491749428,0.0597,-16.9023351344414
-0.0116543701525664,-14.2041711035016,0.05975,-14.0916554932702
-0.00457248399251142,-11.388920936698,0.0598,-11.277498946964
0.00251139197454364,-8.57001224663154,0.05985,-8.4605598465415
0.0096006197967391,-5.75107782696749,0.0599,-5.64153322957558
0.0166857754886323,-2.92957090751959,0.05995,-2.8211146487007
0.0237650568746979,-0.104941098042869,0.06,5.06113872238797e-13
